-2770.77289 -0.01093187404 7.9e-05
-2769.775557 -0.01152430881 3e-05
-2755.812917 -0.01117808959 4.9e-05
-2742.84742 -0.01160011265 3.2e-05
-2713.924278 -0.01171138729 4.3e-05
-2688.990683 -0.01134737969 5.1e-05
-2687.993341 -0.0115732071 5.5e-05
-2675.028059 -0.01037558901 5.1e-05
-2609.207548 -0.01217567367 3.6e-05
-2604.221395 -0.01217305614 4.9e-05
-2603.224169 -0.01067370541 5.2e-05
-2462.617879 -0.01115885737 5.6e-05
-2454.639783 -0.01133072915 3.4e-05
-2453.642516 -0.01146214226 3.5e-05
-2451.647982 -0.01168091562 5.6e-05
-2450.650706 -0.01082866897 5e-05
-2449.653431 -0.01056006756 4.5e-05
-2443.670457 -0.01103693161 6.5e-05
-2393.804157 -0.01196320198 3.6e-05
-2371.862593 -0.01149689233 5.1e-05
-2370.865243 -0.01267841695 4.7e-05
-2368.870543 -0.0116973137 5.8e-05
-2367.873194 -0.01273079762 4.5e-05
-2363.883794 -0.01243875528 4.3e-05
-2361.889086 -0.01199373527 4.1e-05
-2357.899687 -0.01265766135 4.7e-05
-2355.904987 -0.0122934885 4.8e-05
-2354.907638 -0.01278789318 4.7e-05
-2353.910279 -0.01234035032 4.8e-05
-2330.971299 -0.01271412725 4.1e-05
-2329.973958 -0.01247881092 2.9e-05
-2317.008592 -0.01283860378 3.8e-05
-2310.0273 -0.01322146632 3.2e-05
-2282.102704 -0.01253834494 2.4e-05
-2253.181931 -0.01357601053 3.2e-05
-2252.184681 -0.01232613595 3.1e-05
-2245.203992 -0.01385048856 3.5e-05
-2241.215064 -0.01361954811 2.7e-05
-2240.21783 -0.01355167442 4.5e-05
-2239.220604 -0.01272340374 2.8e-05
-2238.22337 -0.01348503923 4.5e-05
-2197.337898 -0.01399654629 3.2e-05
-2195.34352 -0.01428601912 3e-05
-2183.377265 -0.01456465493 2.6e-05
-2182.380072 -0.01447438619 3e-05
-2169.416641 -0.01501059756 4e-05
-2168.419457 -0.01460668588 4.3e-05
-2155.455967 -0.01444447402 3.5e-05
-2154.458775 -0.01471701833 2.8e-05
-2141.495186 -0.01493149596 3.6e-05
-2140.497977 -0.01501402816 3.7e-05
-2128.531441 -0.01532190452 6.7e-05
-2127.534223 -0.01499588632 3.8e-05
-2126.537005 -0.01317850184 4.4e-05
-2056.728516 -0.01516125518 3.6e-05
-1630.890302 -0.01670213993 3.9e-05
-1629.892952 -0.01699288975 4.5e-05
-1628.895602 -0.01657582111 3.4e-05
-1566.063419 -0.01735816696 2.9e-05
-1336.700098 -0.02008073701 4.3e-05
-1332.710913 -0.02042121142 4.7e-05
-1306.780671 -0.02163019272 6.8e-05
-1273.868399 -0.02085308037 7.5e-05
-1183.111358 -0.02328273922 3.5e-05
-1182.114074 -0.02328205411 4.1e-05
-1181.11679 -0.02324814907 3.9e-05
-1091.36655 -0.02310964965 3e-05
-1089.37218 -0.02333487648 3.1e-05
-1067.434041 -0.02366768429 3.2e-05
-1066.436848 -0.02343213096 2.4e-05
-1023.556986 -0.02345752475 4e-05
-1022.55976 -0.02413339512 3.1e-05
-1021.562525 -0.02415242279 2.4e-05
-981.6722814 -0.02389610137 4e-05
-980.6749974 -0.02448949422 3.1e-05
-979.6768616 -0.0240531609 2.9e-05
-902.8835688 -0.02640249287 3.5e-05
-901.8862186 -0.02654633243 4e-05
-900.8888602 -0.02651937178 3.5e-05
-899.89151 -0.02661063035 3.5e-05
-875.9551384 -0.02697319713 3.8e-05
-874.9577882 -0.02690920814 3.7e-05
-871.9657624 -0.02695252339 5.3e-05
-861.9923679 -0.02743032666 3.2e-05
-860.9950342 -0.02716090189 5.4e-05
-859.9977006 -0.02733072826 4e-05
-858.0030333 -0.02630797137 4.3e-05
-852.0190478 -0.02747176456 4.7e-05
-850.0244136 -0.02756521906 3.4e-05
-839.0539087 -0.0276120354 4.1e-05
-838.0565915 -0.02714476584 3.4e-05
-837.0592827 -0.02645071734 3.4e-05
-813.1242173 -0.02816556067 0.000112
-810.13239 -0.02665260822 6.1e-05
-809.1351307 -0.02764741226 5.7e-05
-806.1433034 -0.02824426087 0.000107
-805.1460524 -0.02891741064 0.000106
-804.1487849 -0.02853035977 0.000121
-803.1515174 -0.02768221967 4.9e-05
-801.1569906 -0.02746740655 4.7e-05
-799.1624804 -0.02797805754 5.3e-05
-798.1652212 -0.0288586417 0.000108
-785.2010163 -0.02894739489 4.4e-05
-784.2037736 -0.02877861336 4.4e-05
-783.2065391 -0.0271452344 4.7e-05
-781.2120785 -0.02900657852 4.2e-05
-778.2203835 -0.0293149346 4.1e-05
-777.2231573 -0.02911875093 5.2e-05
-776.2259311 -0.02741382667 5.3e-05
-768.2481548 -0.02971298153 4.3e-05
-767.2509452 -0.02930278481 3.1e-05
-764.2592997 -0.0294948901 3.4e-05
-763.2620901 -0.02858275843 4.4e-05
-762.2648805 -0.02965052243 3.4e-05
-761.2676708 -0.02971429684 3.5e-05
-760.2704612 -0.02962471066 2.9e-05
-756.2816309 -0.02954425588 5.2e-05
-754.2872282 -0.02996304688 3.8e-05
-753.2900268 -0.02969242887 4.5e-05
-748.3040448 -0.03004501321 2.9e-05
-747.3068268 -0.02997214007 3.9e-05
-746.3096337 -0.03006131985 4.1e-05
-722.3770571 -0.02954468234 5e-05
-721.3798723 -0.0297147717 5.1e-05
-720.3826874 -0.03086627218 5.6e-05
-715.3967467 -0.02999891539 4.9e-05
-714.3995619 -0.03010780457 4.7e-05
-712.4051922 -0.03098799991 4.1e-05
-684.4837933 -0.031556583 4.5e-05
-683.4865919 -0.03088833303 3.8e-05
-681.4921809 -0.03120704153 3.3e-05
-659.5534774 -0.03156535165 6.5e-05
-658.5562512 -0.03154069298 3.8e-05
-657.5590167 -0.03130106145 4.4e-05
-616.6715513 -0.03039977358 5.5e-05
-614.6769831 -0.03149641362 6.2e-05
-613.6796907 -0.03036714066 0.000151
-607.6959695 -0.0311111318 4.2e-05
-606.6986689 -0.03061948251 4.8e-05
-603.7067752 -0.03136715909 0.000138
-602.7094746 -0.03098112452 7.8e-05
-601.7121739 -0.03142512828 6.4e-05
-599.7175726 -0.03153201909 4.4e-05
-571.7925838 -0.03180857166 6.5e-05
-566.8059069 -0.03186371747 5.4e-05
-565.8085731 -0.0299023116 4.2e-05
-564.8112311 -0.0313057942 0.000139
-563.8138891 -0.03111229605 7.1e-05
-562.8165554 -0.03214543633 4.4e-05
-561.8192134 -0.03001691697 4.8e-05
-557.8298371 -0.03011675901 0.000146
-556.8324951 -0.0321321292 4.9e-05
-549.851068 -0.03223992032 4.3e-05
-547.8563757 -0.02963933929 5.2e-05
-472.0585808 -0.03299251931 2.9e-05
-471.0612718 -0.03260691343 3.9e-05
-470.0639629 -0.03272940309 3.2e-05
-448.1235133 -0.03153236474 4.4e-05
-447.1262374 -0.03082627378 0.000137
-446.1289615 -0.03283512873 3.5e-05
-418.2058241 -0.03470335074 3e-05
-397.2641553 -0.03437065639 4.4e-05
-396.2669373 -0.03511481513 4.6e-05
-389.2865022 -0.03324575703 3.6e-05
-388.2893008 -0.03512891604 4.2e-05
-384.3004949 -0.03413928584 3.8e-05
-382.3061003 -0.03521781114 4.4e-05
-363.3594544 -0.03474802583 5.4e-05
-362.3622695 -0.0354949498 4.2e-05
-361.3650763 -0.0355769326 3.4e-05
-358.3735132 -0.03502580973 4.3e-05
-356.3791434 -0.03506791089 4e-05
-344.4128912 -0.0356948839 3.4e-05
-343.4157062 -0.03573021483 3.8e-05
-342.418513 -0.03585368732 4.8e-05
-330.4522277 -0.03587554174 6.3e-05
-328.4578413 -0.03610005448 4e-05
-316.4914649 -0.03670727759 3.6e-05
-288.5693934 -0.03665992696 5.1e-05
-272.6134915 -0.03688445349 4.9e-05
-271.6162404 -0.03643936348 3.1e-05
-238.7060853 -0.03631183783 2.8e-05
-206.7919076 -0.03742556526 3.5e-05
-205.7945738 -0.03754658734 2.8e-05
-203.7999061 -0.0380928316 3.6e-05
-181.8583469 -0.03846388182 3.9e-05
-152.9351944 -0.03867331939 4.5e-05
-146.9511086 -0.03874716382 3.7e-05
-145.9537665 -0.03870320235 3.4e-05
-143.9590741 -0.03883557197 3.2e-05
-142.9617319 -0.0393319362 2.6e-05
-141.9643898 -0.03897753315 2.7e-05
-137.9750214 -0.03950089666 3.7e-05
-136.9776793 -0.03905028121 4.1e-05
-131.9912913 -0.03912563342 3e-05
-130.9936514 -0.03933261732 3.6e-05
-128.9989837 -0.03937482147 2.6e-05
-127.0043243 -0.03898869428 3.5e-05
-126.0069905 -0.03949235869 2.6e-05
-125.0096566 -0.03906912553 3.5e-05
-71.15558044 -0.03977967878 0.000149
-70.15832102 -0.04072385451 3.1e-05
-69.16106158 -0.03973384858 4.3e-05
-68.16380215 -0.03934506162 3.5e-05
-67.16655099 -0.03962628521 3.2e-05
-66.16929158 -0.04048048254 3.4e-05
-65.17204042 -0.04057579247 2.7e-05
-64.17478925 -0.03965300144 3e-05
-48.2189526 -0.03940966585 3.5e-05
-44.2300472 -0.0408086629 6.3e-05
1.641265479 -0.04108787457 4.3e-05
14.60470379 -0.041875086 2.7e-05
55.4897033 -0.04194869905 3.7e-05
56.48691316 -0.04012617718 3.5e-05
168.1821656 -0.04268412555 0.000266
169.1795078 -0.04118674051 2.9e-05
229.0203537 -0.04364997615 2.6e-05
230.0176876 -0.04304745397 4.5e-05
286.8642666 -0.04411620052 3.5e-05
607.9765838 -0.04919821701 7.9e-05
608.9739096 -0.04971685619 7.5e-05
609.9712353 -0.04940190145 9.9e-05
610.9685611 -0.04798675 0.000109
618.9471258 -0.04885746624 9.5e-05
625.9282986 -0.04884025722 7.8e-05
629.9175272 -0.04984922957 0.000155
641.8850394 -0.04909081377 0.000162
642.8823321 -0.04847603205 0.000196
643.8796165 -0.04830308105 0.000117
648.866022 -0.0483576709 0.000121
1112.598456 -0.04725192892 5.2e-05
1114.59161 -0.04679098989 3.8e-05
1114.59161 -0.0457826684 6.4e-05
1170.435021 -0.04588119064 4e-05
1170.435021 -0.0446716664 4.5e-05
1308.064913 -0.04191481654 0.0001
1309.062256 -0.04191863757 0.0001
1310.059606 -0.04141894504 0.0001
1311.056957 -0.04099643621 0.0001
1312.0543 -0.04238679925 0.0001
1314.048993 -0.04130296593 0.0001
1824.650568 -0.03073414996 4e-05
1828.639326 -0.02980648254 3.9e-05
1832.628076 -0.03068968281 4.6e-05
1857.557779 -0.03044008172 3.9e-05
1899.440504 -0.03165686865 3.9e-05
1902.432193 -0.02976111656 4e-05
1961.271214 -0.03119460307 4.4e-05
1990.193646 -0.02939856383 3.4e-05
1991.190981 -0.03062806595 2.9e-05
1993.185658 -0.030900694 3.4e-05
2024.103428 -0.03018784692 0.000162
2026.09813 -0.02955298651 0.000233
2053.026506 -0.02863434516 3.1e-05
2072.973169 -0.02985422614 3.8e-05
2073.970486 -0.02865996167 4.2e-05
2142.78264 -0.02813873662 4.7e-05
2143.779867 -0.02825211881 3.4e-05
2144.777094 -0.02810263309 7.4e-05
2196.631635 -0.02739497726 4e-05
2238.513677 -0.02594516686 5.2e-05
2239.510879 -0.02567272166 4.5e-05
2261.449566 -0.02574123953 6.3e-05
2262.446784 -0.02507284523 0.000122
2296.353211 -0.02449529534 4.1e-05
2297.350488 -0.02470232757 3.6e-05
2298.347756 -0.0246355641 3.3e-05
2323.280009 -0.0238587927 4.1e-05
2324.27731 -0.02338890188 5.6e-05
2340.234389 -0.02330902353 3.7e-05
2343.226367 -0.02335743873 7.2e-05
2347.21568 -0.02299684592 3.3e-05
2354.197021 -0.02315859412 6.2e-05
2360.181061 -0.02309685119 3.6e-05
2416.032535 -0.02265620038 4.6e-05
2417.029878 -0.02248288663 5.4e-05
2541.688576 -0.02071650427 3.2e-05
2542.68577 -0.0204562244 5.2e-05
2543.682964 -0.02108723056 5e-05
2563.626768 -0.02094613012 4.8e-05
2597.531229 -0.01934618005 6e-05
2598.528423 -0.02038574754 5e-05
2625.453081 -0.01917451745 6.7e-05
2638.41709 -0.02018318126 5.5e-05
2639.414325 -0.02015064018 5.8e-05
2641.408812 -0.02003558052 3.4e-05
2662.351217 -0.01984278351 5.6e-05
2688.280732 -0.0193494713 6.2e-05
2689.278042 -0.01930193949 0.000109
2690.275343 -0.0194800135 5.1e-05
3046.300344 -0.01493346617 5.9e-05
3047.297637 -0.0148057569 7.5e-05
3050.289542 -0.01480732728 8.5e-05
3054.278756 -0.01502414171 9.6e-05
3073.2278 -0.01466422619 6e-05
3074.225126 -0.01436262785 8.2e-05
3075.222453 -0.01448504942 0.000119
3117.110863 -0.01425663539 5e-05
3118.108206 -0.01413489018 6.2e-05
3119.105557 -0.01424807153 6.8e-05
3120.102909 -0.01412756547 6e-05
3144.039271 -0.01396603736 4.4e-05
3147.0313 -0.01362027704 9.6e-05
3176.95119 -0.01329255371 9.4e-05
3177.948509 -0.01335948777 7.9e-05
3178.945818 -0.0132900608 0.000119
3180.940438 -0.01334595791 0.000132
3205.872771 -0.01304669767 4.7e-05
3206.870039 -0.01278444875 5.3e-05
3207.867316 -0.01317549172 7.9e-05
3208.864585 -0.01318870198 5.7e-05
3209.861862 -0.01286592755 6.2e-05
3210.85913 -0.01296781135 7.6e-05
3211.856399 -0.01288404222 5.1e-05
3212.853659 -0.01296864931 6.7e-05
3213.850927 -0.01311312146 4.6e-05
3215.845448 -0.01301126815 6.2e-05
3216.842708 -0.01307507839 7.2e-05
3226.815244 -0.01243372201 6.6e-05
3227.812488 -0.01276210904 4.3e-05
3228.809732 -0.01286396193 4.8e-05
3229.806975 -0.01278385074 6.4e-05
3232.79869 -0.01316634049 0.000174
3233.795925 -0.01265143111 0.000132
3236.787632 -0.0125512889 4.8e-05
3239.779321 -0.01249013934 5.7e-05
3240.776549 -0.01268661664 7.5e-05
3242.770995 -0.0125642158 6e-05
3265.706872 -0.01242612389 8.9e-05
3266.704075 -0.01237435405 0.000273
3267.701277 -0.01231160262 0.000107
3268.698471 -0.01248175673 0.000105
3269.695673 -0.01233618608 0.000113
3270.692868 -0.01252853517 0.000123
3271.69007 -0.01249820168 9.8e-05
3296.619831 -0.01198897606 0.000112
3297.617017 -0.01172518506 0.000107
3298.614203 -0.01243044562 8.9e-05
3299.611389 -0.0121016461 8.6e-05
3300.608575 -0.01220721859 8.2e-05
3325.538328 -0.01163179862 7.1e-05
3326.535522 -0.01166871487 6.8e-05
3327.532716 -0.01187297727 7.6e-05
3330.524315 -0.01184083511 8e-05
3331.521509 -0.01161303802 8.1e-05
3354.457338 -0.01148538984 5.7e-05
3356.451784 -0.01151748916 6.1e-05
3386.369071 -0.01097018554 5.9e-05
3387.366331 -0.01082248943 6.6e-05
3388.3636 -0.01138307134 0.00012
3389.36086 -0.01102665171 6.2e-05
3391.355397 -0.01132306584 6.4e-05
3392.352666 -0.01131165077 4.8e-05
3417.284859 -0.01109473075 0.000151
3418.282161 -0.01110982848 4.1e-05
3449.199149 -0.01062789615 0.000135
3450.196484 -0.01095070567 0.000231
3451.193818 -0.01039108639 5.5e-05
3452.191161 -0.01053524553 5.1e-05
3453.188496 -0.01039043832 7.3e-05
3454.185839 -0.01040205988 5.5e-05
3478.122145 -0.01024546818 6.8e-05
3486.100947 -0.01083340944 0.000194
3487.098299 -0.01033929766 0.000117
3491.087704 -0.01055324282 0.000148
3506.047932 -0.009600862517 5.9e-05
3508.042618 -0.009863240074 4.5e-05
3510.037312 -0.009612231286 4.6e-05
3511.034655 -0.009901296944 0.000142
3512.03199 -0.009757766587 0.000117
3520.010709 -0.009206497949 5.6e-05
3521.008044 -0.009644670764 5.1e-05
3522.005387 -0.009771362419 4.2e-05
3524.997383 -0.009328659736 6.4e-05
3525.994717 -0.009420757893 7.2e-05
3537.962619 -0.009087615012 3.9e-05
3538.959937 -0.008897527915 4.6e-05
3539.957255 -0.008922352288 3.9e-05
3540.954573 -0.008900972644 6.4e-05
3541.951891 -0.00890167279 5.6e-05
3542.949201 -0.008658737512 5.1e-05
3543.94652 -0.008840335917 0.000157
3545.941139 -0.008768904687 4.1e-05
3550.927673 -0.008577228862 6.3e-05
3568.878921 -0.008065839788 0.000109
3569.876198 -0.007969268269 6.3e-05
3570.873475 -0.007976070663 8.1e-05
3571.870751 -0.008234693989 0.000191
3572.86802 -0.00796811252 0.000238
3573.865297 -0.007596151122 8.9e-05
3574.862565 -0.007748053333 7.6e-05
3597.799404 -0.006765500445 0.000107
3598.79664 -0.006755395232 6.5e-05
3599.793875 -0.007033098033 7.5e-05
3601.788346 -0.007067642557 7.1e-05
3605.777264 -0.006672561971 6.4e-05
3606.774491 -0.006905793754 7e-05
3607.771718 -0.006647442436 0.000133
3608.768937 -0.006737414221 0.000104
3622.729978 -0.006252832347 5.8e-05
3623.727181 -0.006138453114 6.5e-05
3624.724391 -0.0064537225 4.4e-05
3627.716007 -0.006298999005 5.7e-05
3629.710412 -0.006148567533 5.6e-05
3630.707614 -0.006249413191 5.4e-05
3631.704817 -0.005959975729 6.1e-05
3633.699213 -0.006313239542 5e-05
3634.696408 -0.005997156802 4.5e-05
3637.687998 -0.006103216933 6.7e-05
3645.665544 -0.006138617625 7.7e-05
3646.662738 -0.006113807788 6.5e-05
3647.659932 -0.006121883346 5.9e-05
3649.654312 -0.006016170002 5.9e-05
3650.651506 -0.006024967826 5.6e-05
3651.648692 -0.006052291218 5.1e-05
3653.643072 -0.005811800595 5e-05
3654.640258 -0.006087567081 6e-05
3657.631816 -0.00622602028 4.1e-05
3660.623382 -0.006060836557 5.1e-05
3663.61494 -0.005791560745 7.8e-05
3665.609312 -0.005875805005 9e-05
3684.555902 -0.005660514354 6.8e-05
3685.553096 -0.005519250035 6.7e-05
3687.547476 -0.005580067188 4.7e-05
3688.544671 -0.005682191104 6.9e-05
3689.541865 -0.005477333357 8.3e-05
3690.539067 -0.005401057648 8.9e-05
3691.536261 -0.005554074579 5.3e-05
3692.533456 -0.005657266233 7.6e-05
3693.53065 -0.005931654981 6.7e-05
3694.527852 -0.005614830588 8.9e-05
3696.522249 -0.005763873946 7e-05
3697.519443 -0.005466955914 3.3e-05
3698.516646 -0.00560083675 5.7e-05
3699.513848 -0.005528648698 5.2e-05
3700.511051 -0.005642149389 4.2e-05
3716.466406 -0.005415025439 7.5e-05
3719.458071 -0.005510756295 7.3e-05
3721.452509 -0.005186867315 7e-05
3730.427571 -0.005182762788 3.7e-05
3769.320734 -0.005105018153 6.6e-05
3785.277479 -0.004820566121 0.00016
3786.274789 -0.004685155882 8.3e-05
3787.272099 -0.004768221041 6.8e-05
3788.269409 -0.004611146902 7e-05
3789.266719 -0.004910836682 9.4e-05
3790.264029 -0.004546089939 0.000173
3791.261347 -0.004545870185 5.9e-05
3793.255984 -0.004592730142 0.000168
3805.223853 -0.004759319484 6.8e-05
3811.207837 -0.004543143833 0.000128
3812.205172 -0.004498939255 8.3e-05
3813.202506 -0.004593360368 7.7e-05
3814.199841 -0.004613791399 5.8e-05
3815.197184 -0.004518312182 8.1e-05
3817.191854 -0.004455497972 0.000288
3829.159963 -0.004231841044 0.000148
3830.157314 -0.00421729307 0.000132
3834.146703 -0.004118907237 0.000124
3835.144046 -0.00419161056 0.000223
3839.133443 -0.004126906669 9.6e-05
3841.128138 -0.004083625224 0.000229
3843.122841 -0.003954976605 0.000141
3844.120192 -0.003819095254 7.4e-05
3846.114895 -0.003829560817 8.5e-05
3847.112238 -0.003877098506 7.9e-05
3856.0884 -0.003843722119 8.2e-05
3857.085751 -0.004446430875 0.000189
3859.080454 -0.00425675569 0.000218
3860.077797 -0.004425969914 0.000519
3861.075149 -0.004269640334 0.000386
3865.064546 -0.003987122698 0.000193
3866.061889 -0.003984013666 0.000102
3867.05924 -0.003946231647 0.000204
3870.051278 -0.004016010823 7.9e-05
3878.030031 -0.003653878357 5.4e-05
3880.024709 -0.003710912332 0.000127
3883.01673 -0.003043373494 9.6e-05
3884.014065 -0.003445810721 6.3e-05
3886.008743 -0.003228471445 8.5e-05
3888.003412 -0.00314077149 6.1e-05
3903.960646 -0.002864519092 0.000107
3918.920288 -0.002873148241 0.00011
3919.91759 -0.00306849826 9.6e-05
3920.914883 -0.002635799033 0.000144
3923.906772 -0.003030174519 0.000121
3924.904065 -0.002858787835 6.7e-05
3927.895929 -0.002672597545 6.8e-05
3928.893215 -0.002973205623 6.5e-05
3929.8905 -0.002576304885 7.1e-05
3930.887785 -0.002467558578 7.4e-05
3931.88507 -0.002791413188 0.000212
3932.882347 -0.002935195371 6.5e-05
3935.874186 -0.002632524341 7.6e-05
3936.871463 -0.002706101756 0.000197
3937.86874 -0.002687885981 0.000103
3940.860546 -0.002501627754 0.000159
3943.852352 -0.0025605798 0.000106
3945.846873 -0.002012270405 0.000208
3953.824932 -0.002302889407 8.9e-05
3955.819428 -0.002141091043 0.000106
3956.81668 -0.002179187835 5.6e-05
3957.813924 -0.002031084158 0.000128
3960.805647 -0.002660717421 0.000412
3961.802891 -0.00201325739 6.4e-05
3962.800127 -0.002247151538 6.4e-05
3963.797362 -0.002199704095 7.9e-05
3965.791834 -0.002022566097 7.7e-05
3966.789069 -0.002279046581 6e-05
3967.786305 -0.00214733719 8e-05
3968.783532 -0.002338378328 0.000134
3969.780759 -0.002320094792 0.000189
3970.777987 -0.00217447069 0.00016
3972.772441 -0.002056005312 7e-05
3973.769669 -0.002635364765 0.000187
3974.766888 -0.002066992217 0.000136
3981.747421 -0.002340283797 7.9e-05
3984.739062 -0.001985186908 7.8e-05
3985.736273 -0.00188935976 6.5e-05
3986.733484 -0.00195657055 7.8e-05
3987.730695 -0.002226181879 0.0001
3988.727905 -0.001795773987 8.5e-05
3989.725108 -0.001949064917 8.4e-05
3990.722319 -0.001847561349 6.5e-05
3991.719521 -0.002128774322 9.7e-05
3992.716724 -0.001798388035 8.7e-05
3993.713926 -0.001651407281 6.3e-05
3994.711129 -0.001561282246 0.00012
4007.674696 -0.001467462922 7.6e-05
4009.669084 -0.001500348504 7.2e-05
4010.66627 -0.00167431874 9.3e-05
4011.663465 -0.001856068181 0.000167
4012.660659 -0.00157198776 0.000145
4013.657845 -0.001441087274 0.000153
4014.655031 -0.001519884081 7.8e-05
4015.652225 -0.001639209749 8.6e-05
4023.62973 -0.001131921541 7.7e-05
4024.626916 -0.001034055075 7.9e-05
4026.621288 -0.0009992942378 9.4e-05
4027.618474 -0.001042033124 6.9e-05
4028.615668 -0.001238597795 8.8e-05
4029.612854 -0.001005332942 0.000142
4031.607226 -0.001264241886 0.000105
4032.604412 -0.0009469422847 0.000103
4033.601598 -0.001135135729 9.3e-05
4034.598784 -0.001117086993 0.000116
4039.584731 -0.0008762107527 5.6e-05
4040.581917 -0.0009784864069 6.5e-05
4048.55943 -0.000702702775 9.5e-05
4049.556624 -0.0005868541689 5.9e-05
4052.548199 -0.000810513982 8.7e-05
4053.545393 -0.0004575639536 9.6e-05
4055.539782 -0.0007681412271 8.7e-05
4056.536976 -0.0003924531517 6.9e-05
4058.531373 -0.0006476916384 7.2e-05
4059.528567 -0.0003490798225 6.6e-05
4060.52577 -0.0003239805777 9.4e-05
4062.520166 -0.0005726270084 8.1e-05
4064.514563 -0.0008353384278 5.9e-05
4066.508977 -0.0002378036573 7.5e-05
4071.494998 -0.0006719735255 7.6e-05
4091.439355 -4.227210582e-05 8.1e-05
4092.436582 -0.000213483091 9.7e-05
4121.356813 0.0006380093965 7.2e-05
4122.354082 0.00030335509 6.6e-05
4123.351359 0.0001901884485 7.3e-05
4124.348628 0.0004980915243 6.4e-05
4125.345905 0.000398722538 4.5e-05
4127.34045 0.0003310251073 8.7e-05
4128.337736 0.0001568388922 9.5e-05
4131.329575 0.0004701674514 7.9e-05
4133.324145 0.0005620271341 5.4e-05
4134.321431 0.0007057156652 0.000124
4135.318716 0.0005449560866 5.2e-05
4136.316001 0.0006308455853 6.4e-05
4137.313295 0.0005911793751 9.5e-05
4139.307874 0.0008195052079 9e-05
4140.305167 0.0006981347635 7.5e-05
4141.302461 0.0006587054321 6.7e-05
4142.299763 0.0007222272161 9.4e-05
4143.297056 0.0007359235256 0.000166
4144.294358 0.000943368848 0.000156
4145.29166 0.0008228308587 7.5e-05
4146.288953 0.0008213789856 7.6e-05
4148.283565 0.0008406068238 3.8e-05
4149.280867 0.001316248565 0.000112
4150.278177 0.0009386108509 0.000108
4151.275479 0.0005389588064 0.000254
4153.270099 0.0008363089426 0.000115
4154.267409 0.0008827132227 7e-05
4155.264719 0.0005809632876 0.000386
4156.262038 0.0008168273502 0.000201
4157.259348 0.0008683954365 7.8e-05
4158.256683 0.0009886822399 5.9e-05
4159.254001 0.001352002043 7.5e-05
4160.251319 0.001256480533 0.000108
4163.243274 0.001044522328 7.9e-05
4179.200542 0.001093582797 0.000169
4180.197877 0.001018975246 0.000112
4182.192547 0.001118378275 0.000138
4183.18989 0.00104606336 0.000151
4196.155351 0.00135719908 0.000159
4199.147389 0.001555403478 0.000201
4200.14474 0.001668547161 0.000222
4201.142092 0.001463909511 7.5e-05
4210.11823 0.001387109995 0.000101
4213.110285 0.0014648221 8.5e-05
4215.104987 0.00123333859 0.000382
4216.102339 0.001480263787 0.00063
4217.099682 0.001491592972 0.000232
4218.097034 0.001317043953 6.9e-05
4244.028064 0.00209331988 6.3e-05
4245.025407 0.001477972118 0.000198
4248.017428 0.001444025145 0.000133
4249.014763 0.002259736383 0.000196
4251.009442 0.002217764623 0.000133
4262.977411 0.002001013973 0.000154
4264.972056 0.002064856066 0.000171
4265.969383 0.002444665689 0.000125
4266.966701 0.001780688451 0.00015
4267.96402 0.002163173332 0.000127
4269.958656 0.002559992449 0.000269
4283.92099 0.002777593771 0.000241
4284.918292 0.001554259062 0.0003
4285.915585 0.001937061331 0.000227
4286.912887 0.002803501878 0.000158
4287.910181 0.002049660574 0.000167
4288.907474 0.002262757071 0.000263
4293.893926 0.003002467611 0.000144
4295.888496 0.002126989475 0.000195
4298.880336 0.002829360088 0.000105
4299.877621 0.002401997454 0.000196
4300.874898 0.002680678199 0.000119
4303.866721 0.002507552001 9.4e-05
4304.86399 0.002542423542 9.9e-05
4305.861258 0.002463862532 0.000102
4306.858527 0.002574609822 0.000147
4308.853065 0.002803033247 0.000149
4309.850325 0.002941171564 0.00012
4324.809125 0.002894502727 0.000285
4325.806369 0.003153625581 0.000338
4326.803605 0.003534053572 0.00012
4327.800849 0.003186008803 9.4e-05
4328.798085 0.003270741409 0.000154
4331.789792 0.00316860736 0.000697
4332.787019 0.003416917407 0.000564
4333.784255 0.00336722368 0.000104
4335.77871 0.003837901801 0.00015
4337.773165 0.003728555883 7.9e-05
4338.770392 0.003469834419 8.8e-05
4339.767611 0.003453567015 7.9e-05
4353.72863 0.00382679081 0.000109
4356.720246 0.003877949687 0.000223
4357.717449 0.003983651548 0.000112
4358.714652 0.003934826523 0.000171
4359.711854 0.004141697615 0.000104
4362.703462 0.003707632212 0.0001
4363.700656 0.003967519344 0.000142
4364.697859 0.003959106278 9.5e-05
4365.695053 0.003805619333 9.4e-05
4367.68945 0.003846321563 6.5e-05
4372.675422 0.004140522246 0.000204
4388.630466 0.004587556978 0.000265
4390.624838 0.004212954415 0.000204
4391.622024 0.004647422102 0.000171
4412.562974 0.003854183065 0.000115
4413.56016 0.00413246583 9.6e-05
4417.548929 0.00421184896 6.1e-05
4418.546124 0.004395415376 6.3e-05
4419.543318 0.004036028767 6.5e-05
4420.540512 0.003902959149 0.000102
4421.537707 0.004201795169 0.000102
4422.534901 0.004232977048 8.4e-05
4423.532104 0.004110096649 7e-05
4424.529298 0.004331678953 9.9e-05
4425.526492 0.004062064693 5.5e-05
4427.520889 0.003761697216 9.5e-05
4428.518092 0.004214742974 0.000113
4433.504105 0.003930411221 8e-05
4437.492933 0.004188401721 8.2e-05
4438.490143 0.004222954751 6.5e-05
4439.487354 0.003750084291 9.5e-05
4440.484565 0.004048230054 0.000102
4442.478987 0.003825360845 0.000131
4450.456724 0.004242359973 7e-05
4451.453952 0.004108788492 8.1e-05
4454.445617 0.004272841291 9.3e-05
4479.376685 0.004147588393 7.5e-05
4480.373937 0.004054979633 0.000108
4481.371197 0.003879153223 0.000138
4482.368466 0.004139872488 9.9e-05
4483.365727 0.004277977024 8e-05
4536.222819 0.003207481614 0.000351
4556.16956 0.003435009793 0.000618
4557.166903 0.003295155772 0.000853
4564.148323 0.004677919058 0.000255
4567.140369 0.004022838916 0.000415
4577.113868 0.00310425362 0.000865
4578.11122 0.005053514959 0.000721
4579.108571 0.003971376761 0.000759
4580.105923 0.004736061244 0.000616
4581.103274 0.004151996208 0.000146
4583.097977 0.004178067402 0.000697
4607.034315 0.003315656884 1e-05
4622.991717 0.003455804814 0.000336
4623.989044 0.003775662949 9e-05
4625.983697 0.00416714099 0.000188
4626.981024 0.004269108521 0.000267
4627.978351 0.00400801096 0.000231
4628.975677 0.003753620296 0.000271
4630.970323 0.003792621453 0.000493
4631.967649 0.004678422262 0.000393
4632.964968 0.004031567477 0.00034
4633.962286 0.004094966091 0.000427
4635.956923 0.004462133246 0.000291
4637.951552 0.004337700211 0.000204
4638.948862 0.004139631367 0.00035
4658.894876 0.004144193546 0.000731
4659.892162 0.004141964543 0.000951
4667.870404 0.004403992121 0.000226
4668.867672 0.00520748972 0.000228
4670.862218 0.004250274317 0.000144
4671.859487 0.004780380518 0.000333
4672.856756 0.004137203416 0.000724
4673.854017 0.004275313141 0.00025
4674.851286 0.003843459324 0.000418
4678.840336 0.004417410055 0.000156
4679.837589 0.004044908489 0.000114
4681.832102 0.004369950509 0.000132
4682.829354 0.004355368186 0.000153
4683.826606 0.005052594987 0.00021
4684.823859 0.004297769932 0.000213
4685.821111 0.004245654057 0.000127
4686.818355 0.003896175932 0.000305
4688.812843 0.00457902148 0.000229
4692.801811 0.004450625118 0.00013
4693.799047 0.004268921156 0.000131
4694.796291 0.004203371876 0.000147
4695.793527 0.00405542042 0.00019
4696.790754 0.004374900373 0.000234
4697.78799 0.004524434889 0.000246
4698.785218 0.004277957695 0.000239
4699.782453 0.005253640942 0.000188
4700.779681 0.004950074198 0.000214
4701.776908 0.005713468761 0.000269
4702.774136 0.004238251235 0.000213
4703.771364 0.004442314126 0.000186
4704.768583 0.004101182428 0.000194
4716.735197 0.004384862291 0.000195
4717.732408 0.004667942293 4.4e-05
4718.729611 0.004984183655 4.4e-05
4719.726822 0.004572807783 6e-05
4720.724025 0.004736502072 0.000229
4721.721236 0.004557871868 4e-05
4722.718438 0.004861380573 4.5e-05
4723.715641 0.00490892828 0.000127
4724.712844 0.004633985765 0.000129
4725.710047 0.004499011269 6.7e-05
4726.707249 0.004655150869 3.5e-05
4727.704452 0.004977106186 3.2e-05
4728.701647 0.004690366467 3.3e-05
4729.698849 0.004842137169 3.2e-05
4730.696044 0.00481390776 2.4e-05
4731.693246 0.004989674248 0.000104
4732.690441 0.004793437498 3.5e-05
4736.679219 0.005124166668 3.6e-05
4737.676413 0.004735064631 5.5e-05
4738.673608 0.004882490216 2.6e-05
4739.670802 0.004566149079 2.4e-05
4740.667988 0.004588159635 4e-05
4744.65675 0.004805634646 4.5e-05
4745.653944 0.005086391808 4.9e-05
4746.65113 0.004836620884 3.9e-05
4747.648325 0.004628168166 4.4e-05
4749.642697 0.005060814022 3.4e-05
4750.639883 0.004859482059 4.2e-05
4751.637078 0.00487225849 2.8e-05
4752.634264 0.005003399671 5.8e-05
4753.63145 0.004803269341 4.8e-05
4754.628636 0.004377926947 4.6e-05
4755.625831 0.005116900274 3.6e-05
4756.623017 0.005169910948 3.7e-05
4757.620203 0.00481344468 3.8e-05
4758.617389 0.004513031745 4.5e-05
4760.611762 0.005057261121 3.1e-05
4761.608948 0.004980935841 4.3e-05
4773.575199 0.004578906544 0.000105
4774.572393 0.005148638281 3.4e-05
4775.569579 0.005038564851 3.6e-05
4776.566766 0.00499144538 3.3e-05
4777.56396 0.005208370867 7.6e-05
4778.561146 0.00475288254 3.1e-05
4780.555535 0.004590948102 3.5e-05
4782.549916 0.004958681616 3.3e-05
4783.54711 0.00474305261 4.8e-05
4784.544305 0.004772643205 5.6e-05
4785.541499 0.004680104848 3.1e-05
4786.538694 0.004752126508 3.2e-05
4787.535888 0.005115213206 3.3e-05
4797.507899 0.005143074509 4.4e-05
4814.460495 0.005553476486 4.4e-05
4815.457714 0.005536083851 3.5e-05
4819.446607 0.005523471276 4.3e-05
4820.443835 0.005740539387 4.2e-05
4850.361232 0.005768627503 3.6e-05
4851.358501 0.006156122139 4.2e-05
4852.35577 0.005989986424 3.5e-05
4853.353039 0.006006832478 4.1e-05
4858.339417 0.006011237153 4.4e-05
4859.336694 0.006337442043 3.6e-05
4860.33398 0.006056989158 4.2e-05
4881.277156 0.006359763385 2.9e-05
4882.274458 0.006117795716 3.1e-05
4883.271768 0.006058249611 3.1e-05
4884.269079 0.006310186798 3.2e-05
4885.266389 0.006179823495 2.6e-05
4913.191531 0.006745718236 3.4e-05
4915.18621 0.006640681117 3.1e-05
4916.183553 0.006666028272 3.4e-05
4917.180888 0.00677636943 2.4e-05
4924.1623 0.006852263854 4.6e-05
4925.159643 0.006798954508 3.6e-05
4926.156987 0.006529688765 8.8e-05
4941.11722 0.007058461315 3.3e-05
4944.109267 0.007121003902 3.6e-05
4945.106618 0.007070714901 3.4e-05
4946.10397 0.007086196203 2.9e-05
4947.101322 0.006895806966 4.1e-05
4963.058915 0.007261328956 2.7e-05
4964.056266 0.006880731806 2.4e-05
4966.050953 0.00698719181 2.4e-05
4967.048305 0.007226819014 2.5e-05
4968.045648 0.006982713592 2.4e-05
4969.042991 0.006616756846 2.6e-05
4970.040335 0.007301635535 2.6e-05
4971.037678 0.007205775531 2.4e-05
4972.035022 0.006802007657 2.4e-05
4973.032365 0.007100641215 2.9e-05
4974.029708 0.007046271965 2.4e-05
4976.024387 0.007642394374 2.7e-05
4977.02173 0.007686652822 3.2e-05
4978.019065 0.007778656408 3.9e-05
4980.013744 0.007977225325 3.8e-05
4981.011079 0.007708994709 3.6e-05
4998.962995 0.007479964291 2.4e-05
4999.960314 0.00759017471 2.4e-05
5001.954951 0.007553991945 2.7e-05
5002.952261 0.007624188477 2.4e-05
5010.930743 0.007576045453 3.8e-05
5011.928045 0.007692326611 2.9e-05
5012.925347 0.007542841578 2.9e-05
5013.922649 0.007868123825 2.4e-05
5014.919951 0.007625400279 2.7e-05
5015.917254 0.007584987592 3.2e-05
5020.903731 0.00821585863 2.8e-05
5032.871124 0.008432601732 3.2e-05
5033.868401 0.008572655428 2.7e-05
5035.862939 0.008787670756 3.2e-05
5060.794257 0.009005703694 2.9e-05
5061.791485 0.00905673728 3.5e-05
5063.785957 0.009001715038 2.6e-05
5064.783184 0.008863004528 4.1e-05
5065.780412 0.009017879319 3.5e-05
5066.77764 0.009340551136 3.1e-05
5067.774867 0.009048271737 3.4e-05
5094.699575 0.009429792665 2.7e-05
5095.696778 0.009393404255 3.3e-05
5096.693972 0.009592515586 3.1e-05
5098.688361 0.009707906686 3e-05
5122.620931 0.01004548756 2.9e-05
5123.618117 0.01012747233 4e-05
5124.615304 0.01024144224 5.7e-05
5125.61249 0.009968424008 4.1e-05
5126.609676 0.0102923307 4.2e-05
5127.606871 0.00999748345 4.2e-05
5128.604057 0.01011364082 3.6e-05
5148.547841 0.01045098446 3.4e-05
5149.545035 0.01039273769 3.4e-05
5150.54223 0.01052777856 2.6e-05
5153.533822 0.01029001476 2.5e-05
5154.531016 0.01043969296 3.3e-05
5155.528211 0.01036014727 4e-05
5156.525414 0.01041436283 3.7e-05
5157.522617 0.01063326948 3.1e-05
5158.519811 0.01066613486 3.4e-05
5159.517014 0.01068845415 2.4e-05
5161.51142 0.01055454477 2.8e-05
5179.461211 0.01075784641 4.6e-05
5182.452878 0.01030337317 4e-05
5183.450097 0.01082903149 4.4e-05
5184.447325 0.01062663375 2.6e-05
5185.444552 0.01042062686 3.6e-05
5192.425171 0.01100371188 4.4e-05
5193.422406 0.01088532356 5.5e-05
5194.419651 0.01064151929 5.9e-05
5215.361944 0.01138832878 2.4e-05
5218.353743 0.01118073651 2.4e-05
5219.35102 0.01131049545 3e-05
5220.348289 0.01115346046 3.2e-05
5222.342835 0.01149251443 3.2e-05
5223.340113 0.01152826984 3.6e-05
5225.334675 0.01156658629 3.2e-05
5227.329238 0.01151426083 3.4e-05
5241.291327 0.01166014255 5.2e-05
5242.288629 0.01192632809 4.1e-05
5243.285931 0.01181766032 4e-05
5244.283233 0.01196478772 3.3e-05
5245.280535 0.01199645214 3.4e-05
5247.275156 0.01210761279 2.9e-05
5264.229556 0.01234446021 4.3e-05
5265.226883 0.01188069827 2.8e-05
5266.22421 0.01205091349 4.3e-05
5267.221545 0.01236487451 4.4e-05
5268.218872 0.01235133813 4.5e-05
5269.216207 0.0121624488 4.9e-05
5271.210869 0.01255846806 3e-05
5273.205531 0.01225679757 3.7e-05
5313.099361 0.01318796552 4.9e-05
5345.014434 0.01384426244 3.1e-05
5346.011769 0.01372841232 3.8e-05
5347.009113 0.01387417036 3.9e-05
5348.006448 0.01395131203 4.2e-05
5350.998445 0.01391052593 3.4e-05
5351.99578 0.01405703872 3.9e-05
5366.955643 0.01376887506 3.1e-05
5368.950272 0.01434037949 3.8e-05
5369.947582 0.01417076063 2.6e-05
5371.942203 0.01416684049 3.6e-05
5372.939514 0.01439114006 4e-05
5385.904425 0.01472171548 3.3e-05
5386.901718 0.01454511605 2.8e-05
5407.844509 0.01479093117 5.8e-05
5423.8005 0.01510168992 9.9e-05
5424.797736 0.01520868689 0.000104
5425.794972 0.01526782545 6.8e-05
5426.792208 0.01514502742 6.1e-05
5465.683485 0.0165849913 3.6e-05
5466.680679 0.01618719222 3.3e-05
5467.677874 0.01645555062 4e-05
5468.67506 0.01632744125 3.1e-05
5469.672255 0.01640777223 3.9e-05
5470.669449 0.01619193855 4.2e-05
5486.624473 0.01670864712 3.2e-05
5487.621667 0.01683215222 2.6e-05
5489.61604 0.01681268566 3.5e-05
5490.613226 0.01647854876 2.4e-05
5493.604786 0.01658331395 2.5e-05
5494.601972 0.01649625477 2.5e-05
5511.55419 0.01723602168 3.5e-05
5512.551385 0.01760876445 4.5e-05
5513.548571 0.01787005918 3.8e-05
5514.545766 0.01728962746 3e-05
5515.54296 0.01709736549 2.9e-05
5516.540155 0.01741808783 2.8e-05
5517.53735 0.0174415764 4.4e-05
5518.534544 0.01761293606 3.2e-05
5519.531747 0.01736316109 3.5e-05
5532.495377 0.01831092319 2.4e-05
5534.489791 0.01773710086 4.1e-05
5578.368126 0.01853124117 4.3e-05
5579.365387 0.01854531259 4e-05
5580.362656 0.01857764975 3.3e-05
5581.359925 0.0182430806 5.4e-05
5582.357186 0.01840822776 3.4e-05
5619.257044 0.0193457759 5.4e-05
5620.254362 0.01911835446 5.1e-05
5621.251681 0.01904853508 3.1e-05
5622.249 0.0193199773 3.9e-05
5623.246319 0.01932015738 4.4e-05
5664.137147 0.01999229672 3.5e-05
5666.131843 0.01984320078 5.1e-05
5670.12125 0.01992222422 4.7e-05
5671.118593 0.01980589875 5.3e-05
5674.110649 0.02031525532 3e-05
5677.102696 0.02043111751 5.2e-05
5678.100048 0.02020959505 4.6e-05
5679.0974 0.02033653236 3.7e-05
5680.094751 0.02030114691 4.2e-05
5696.052339 0.02082477934 4.4e-05
5700.041722 0.02064442576 2.5e-05
5701.039065 0.02074278037 3.2e-05
5721.983123 0.02096502215 3.4e-05
5733.950973 0.02095121236 2.6e-05
5734.948291 0.02099161435 3e-05
5735.945602 0.02095200381 3.3e-05
5736.942912 0.0211750452 4.8e-05
5758.883429 0.02131382149 2.4e-05
5759.880706 0.02140688403 3.5e-05
5760.877992 0.02141067365 2.8e-05
5761.875269 0.02168896009 2.4e-05
5762.872538 0.02175127985 2.8e-05
5763.869816 0.02171604979 3.3e-05
5764.867093 0.02126710941 2.4e-05
5765.864362 0.02112519515 2.9e-05
5794.78463 0.02267403968 4.7e-05
5795.781858 0.02232260115 4.5e-05
5796.779085 0.02233407263 3.2e-05
5797.776313 0.02249657178 3.4e-05
5798.773541 0.02260865788 4.8e-05
5799.770769 0.02257159791 3.7e-05
5800.767988 0.0225293467 4.2e-05
5810.740167 0.02272457485 4.7e-05
5811.737378 0.02282600444 4.7e-05
5817.720621 0.02283153429 3.9e-05
5819.715027 0.02303024802 4.3e-05
5820.71223 0.02299826829 4.4e-05
5821.709433 0.02265151055 4e-05
5822.706636 0.02299903768 4.1e-05
5823.703839 0.02285840354 3.8e-05
5824.701034 0.02256943603 4.9e-05
5825.698237 0.02277818262 3e-05
5852.622404 0.02344327765 4.4e-05
5853.61959 0.02343951635 6.6e-05
5854.616776 0.02344547973 4.8e-05
5855.613963 0.02325632419 4.8e-05
5856.611149 0.0236300171 3.4e-05
5857.608336 0.02336723297 3.1e-05
5867.580209 0.0240296707 6.6e-05
5868.577403 0.0239348966 7.9e-05
5886.526876 0.02413600516 6.7e-05
5888.521273 0.02443934244 3.1e-05
5889.518476 0.02438380993 3.1e-05
5890.515679 0.02431311544 3.5e-05
5914.448775 0.02488346314 4.4e-05
5916.443231 0.02497162466 3.4e-05
5917.440459 0.024885282 3.1e-05
5919.434914 0.02502403425 3.8e-05
5921.429386 0.02503256599 4e-05
5928.410056 0.02511570409 6.8e-05
5929.4073 0.02507976495 4.9e-05
5930.404544 0.02529966652 4.2e-05
5931.401789 0.02543455479 6.7e-05
5932.399033 0.02537820959 4.7e-05
5933.396286 0.02528221925 5.9e-05
5941.374323 0.02538700173 4.6e-05
5943.368845 0.02558361993 5.7e-05
5944.366106 0.02586828388 5.9e-05
5945.363375 0.02575794719 6.7e-05
5946.360645 0.02593973643 5.9e-05
5947.357905 0.02559951624 6e-05
5954.338823 0.02579426029 4.9e-05
5956.333386 0.02585922513 3e-05
5972.29004 0.02616371749 6.2e-05
5974.284645 0.02640022904 7.7e-05
5975.281955 0.026261936 7.9e-05
5976.279258 0.02600095241 7.6e-05
5978.273871 0.02624388395 4.7e-05
5979.271181 0.02614554515 5.4e-05
5980.268492 0.02620469497 5.5e-05
5981.265802 0.02631808911 6.8e-05
5982.263121 0.02621006418 7e-05
6004.204267 0.02659352514 4.5e-05
6007.196282 0.02639863216 5.7e-05
6008.193617 0.02631568448 4.9e-05
6009.190952 0.02648082647 3.9e-05
6010.188296 0.02637504367 5.2e-05
6011.185631 0.02643767307 6e-05
6012.182975 0.02621594472 5.4e-05
6013.180319 0.02645122193 4.5e-05
6014.177654 0.02655481187 5.8e-05
6015.174998 0.02664797848 4.9e-05
6016.172341 0.02668918715 5.1e-05
6017.169685 0.02659838091 5.6e-05
6025.148459 0.02686158391 4.8e-05
6027.143154 0.02672081656 4.5e-05
6029.13785 0.02696697361 4.9e-05
6031.132545 0.02658382241 4.6e-05
6050.082207 0.02679761976 5.6e-05
6051.07955 0.02650136801 4.8e-05
6054.071598 0.02658955268 4.8e-05
6055.06895 0.02643940864 5.2e-05
6057.063653 0.02665869889 5.3e-05
6061.053036 0.02684769914 6.1e-05
6062.050388 0.02638342533 5.3e-05
6063.047732 0.02652220806 4.6e-05
6094.962414 0.02656588588 4.3e-05
6095.959733 0.02671837004 5.2e-05
6096.957052 0.02649806258 5.1e-05
6097.954371 0.02672954417 5.2e-05
6099.949 0.02657780552 6.3e-05
6100.946311 0.02655147555 4.8e-05
6130.865082 0.02678713352 4.3e-05
6132.859621 0.02652027992 6.1e-05
6134.854159 0.0267321247 5.4e-05
6135.85142 0.02613534102 5.1e-05
6137.84595 0.02670689713 4.7e-05
6138.843211 0.02678660037 5e-05
6154.799188 0.02662069951 7.1e-05
6155.796424 0.02602138466 6.7e-05
6156.79366 0.02653367929 7.2e-05
6157.790897 0.02661375743 5.6e-05
6158.788133 0.0263411063 5.4e-05
6160.782589 0.02698631671 6.3e-05
6163.774272 0.02691295497 7.9e-05
6164.7715 0.02620358924 6.6e-05
6165.76872 0.02643012365 7.4e-05
6186.710175 0.02629976615 7.7e-05
6187.707378 0.02665397762 7.7e-05
6188.704581 0.02655870721 4.8e-05
6189.701776 0.02641602371 4.2e-05
6190.698979 0.02620306132 5.1e-05
6191.696174 0.02644993164 4.4e-05
6192.693368 0.02672464188 6e-05
6214.631588 0.02655883916 3.8e-05
6215.628775 0.02657367314 3.7e-05
6216.625961 0.02664995363 3.6e-05
6217.623148 0.02645182296 4.3e-05
6219.617521 0.02688423196 5e-05
6224.603454 0.02633338633 3.8e-05
6225.60064 0.02645543393 4.2e-05
6226.597827 0.02637182894 4.6e-05
6241.555666 0.0266031942 4e-05
6243.550056 0.02682126583 3.9e-05
6244.547251 0.02660734127 4.2e-05
6245.544438 0.02635761856 0.00011
6246.541632 0.02647710262 4e-05
6247.538827 0.0267799332 4.2e-05
6248.53603 0.02658063244 5.2e-05
6249.533225 0.02672162313 6.1e-05
6250.53042 0.0268511357 4.3e-05
6251.527615 0.02664176167 4.8e-05
6252.524818 0.02679931145 4.8e-05
6253.522013 0.02684278991 3.4e-05
6254.519216 0.0266482205 5e-05
6271.471751 0.02666221378 5.3e-05
6272.468963 0.02692903484 5.6e-05
6273.466182 0.02711490174 0.000122
6274.463402 0.02707174446 6.4e-05
6275.460622 0.02708683998 4.5e-05
6277.455061 0.0268042992 5.3e-05
6278.452289 0.02682446227 5.4e-05
6279.449508 0.0269878538 5e-05
6280.446736 0.02697788329 6.9e-05
6281.443964 0.02691769963 5.5e-05
6282.441192 0.02701891788 6.4e-05
6283.43842 0.02698152792 4.7e-05
6284.435648 0.02699887702 5.8e-05
6286.43012 0.02678498419 3.7e-05
6300.391518 0.02728341228 6.7e-05
6301.388771 0.02713940729 4.7e-05
6302.386023 0.02730568167 6.2e-05
6303.383276 0.02753607147 6.1e-05
6304.380529 0.02706915066 6.2e-05
6306.375051 0.02725742063 8.1e-05
6307.372312 0.0273134741 8.1e-05
6308.369573 0.02713921271 6.8e-05
6309.366834 0.02733077424 6.1e-05
6310.364103 0.02710149668 7.4e-05
6311.361364 0.02704885725 6e-05
6312.358633 0.02702737337 6.9e-05
6313.355903 0.02735711699 6.6e-05
6317.344988 0.02713293986 5.3e-05
6318.342266 0.02764308686 8.7e-05
6319.339543 0.02744842239 5.2e-05
6320.336829 0.02725136401 5.8e-05
6321.334107 0.02727620949 6.4e-05
6340.282669 0.02735358803 4.7e-05
6343.274585 0.02756877658 5.7e-05
6345.269206 0.02746977753 5e-05
6346.266517 0.02763165572 5.8e-05
6361.226325 0.02753230424 5.3e-05
6363.220988 0.02776304843 5.8e-05
6365.215642 0.02761536345 5e-05
6367.210313 0.0275542225 5.2e-05
6368.20764 0.02799941421 5.7e-05
6369.204976 0.02738358791 4.9e-05
6370.202311 0.02756347627 4.4e-05
6372.196982 0.02780775499 6.4e-05
6373.194326 0.02749699781 4.7e-05
6389.151817 0.02770064989 6.3e-05
6390.149161 0.02758493261 5.3e-05
6391.146513 0.02753461527 4.6e-05
6392.143856 0.02767857279 3.9e-05
6393.141208 0.02745910351 4.8e-05
6395.135904 0.02775768887 5.6e-05
6396.133256 0.02815181954 4.7e-05
6400.122647 0.02748787926 5.6e-05
6404.112055 0.02765395622 4.6e-05
6405.109399 0.02756402876 0.000106
6408.101455 0.02778730581 5.1e-05
6432.037812 0.02777788966 4.1e-05
6433.035164 0.02762198104 3.6e-05
6434.0325 0.02769405926 3.4e-05
6436.027187 0.02800081625 8.6e-05
6437.024523 0.0276042948 2.7e-05
6439.019202 0.02821108748 4e-05
6451.984538 0.02791980869 6.5e-05
6452.981865 0.02810276159 6e-05
6453.979192 0.02813977508 3.8e-05
6455.973847 0.02779357336 4e-05
6456.971166 0.02787800023 3.5e-05
6457.968493 0.02789937819 3.7e-05
6458.965812 0.02799030452 3.8e-05
6460.96045 0.02779959793 5.3e-05
6461.957769 0.02791800647 4.8e-05
6462.955079 0.02794887031 5e-05
6466.944339 0.02820396561 2.9e-05
6468.93896 0.02835014671 4.1e-05
6487.88759 0.0280797814 3.4e-05
6488.884875 0.02807239302 6.9e-05
6489.882153 0.0281293003 2.8e-05
6490.879431 0.02789020945 4.1e-05
6491.876708 0.02827440309 3.6e-05
6492.873986 0.02770751862 0.000215
6494.868533 0.0280289075 3.2e-05
6495.86581 0.02835804431 3.3e-05
6502.846679 0.02805088862 4.5e-05
6503.84394 0.0279850353 3.2e-05
6504.841193 0.02830807686 3.6e-05
6505.838454 0.02837038735 3.9e-05
6522.791635 0.02781133669 3.5e-05
6523.788863 0.02786491146 3.6e-05
6524.7861 0.02812198946 4.3e-05
6525.783328 0.02823333065 3.8e-05
6526.780556 0.02817680488 3e-05
6529.77224 0.02817519985 3.5e-05
6530.769459 0.02810539438 3.9e-05
6531.766687 0.027902643 3.7e-05
6544.730486 0.02794139763 3.5e-05
6545.727697 0.02801588653 3.3e-05
6547.722103 0.02793896925 3.2e-05
6548.719315 0.02819566885 3.5e-05
6549.716518 0.02811920289 3.7e-05
6551.710924 0.02821659391 3.3e-05
6552.708119 0.02862859921 3.6e-05
6553.705322 0.02814969066 3.4e-05
6555.69972 0.02790192192 3.3e-05
6561.682898 0.02832007345 3.1e-05
6579.632332 0.02844239573 3.5e-05
6580.629519 0.02826790969 5.1e-05
6581.626705 0.02821650018 5e-05
6585.615452 0.02855554423 4.1e-05
6586.612639 0.02839683405 4.4e-05
6588.607012 0.02825691148 3.4e-05
6589.604199 0.02818565903 3.5e-05
6590.601385 0.02837189519 3.4e-05
6591.59858 0.02848777246 3.4e-05
6596.584513 0.02840259128 3.4e-05
6598.578895 0.02838151568 3.6e-05
6599.576081 0.02831412472 3.6e-05
6600.573276 0.0282821619 4.4e-05
6601.570463 0.02845519233 3.8e-05
6602.56765 0.0286012252 3.4e-05
6603.564845 0.02811630121 4.2e-05
6606.556413 0.0285059099 3.8e-05
6609.547998 0.02851009945 7.8e-05
6611.542379 0.0282982399 3.4e-05
6613.536769 0.02815521422 3e-05
6614.533972 0.02846803831 3.7e-05
6615.531167 0.02835327044 5e-05
6616.528362 0.02821238658 3.4e-05
6617.525557 0.02820933536 3e-05
6618.52276 0.02825479204 3.3e-05
6619.519955 0.02828677495 3.1e-05
6624.505971 0.02837928644 2.5e-05
6625.503174 0.02801918735 3.1e-05
6627.497589 0.02854235616 4.2e-05
6629.492003 0.02813268138 4.1e-05
6630.489215 0.02821389703 3.8e-05
6631.486426 0.02827393269 6.5e-05
6632.483638 0.02837822723 3.4e-05
6634.478061 0.02827031767 3.1e-05
6643.453022 0.02814603573 9.3e-05
6644.45025 0.0288626323 5.4e-05
6645.447478 0.02824013029 7e-05
6648.439162 0.02865350599 3.9e-05
6649.43639 0.02820537485 2.9e-05
6651.430854 0.0281995935 4.4e-05
6653.425327 0.02806547017 8.4e-05
6654.422563 0.02864634394 6.8e-05
6655.419799 0.02802920526 6.2e-05
6656.417036 0.0281546812 8.3e-05
6657.41428 0.02837651913 7.1e-05
6658.411516 0.02834927328 6e-05
6662.400495 0.02832538695 4.9e-05
6663.397747 0.028310854 7.6e-05
6664.394992 0.02913822759 5.8e-05
6665.392253 0.02881259256 5.7e-05
6666.389498 0.02874161488 8.4e-05
6667.38675 0.02904981648 0.000116
6668.384012 0.02901872289 0.000118
6669.381264 0.02875725685 0.0001
6670.378525 0.02898949618 9.1e-05
6671.375778 0.02891101392 6.2e-05
6702.291476 0.02879358228 5.1e-05
6703.288778 0.02899291803 4.9e-05
6704.286081 0.02866966956 4.2e-05
6705.283383 0.02850996236 3.7e-05
6706.280694 0.02898730851 4e-05
6724.232386 0.02896583059 5.4e-05
6733.208357 0.028817732 4.4e-05
6735.203028 0.02888551046 5.2e-05
6736.200363 0.02889767882 4.2e-05
6744.179072 0.0291317769 5.3e-05
6745.176416 0.02880493596 4.7e-05
6749.165791 0.02903175625 5.6e-05
6750.163135 0.02915311823 6e-05
6761.133958 0.02877476297 3.7e-05
6763.128654 0.02882096715 0.000139
6768.115406 0.02873669357 4.9e-05
6769.112759 0.02860388341 4.2e-05
6770.110111 0.02860674346 9.4e-05
6772.104815 0.02889254984 4.6e-05
6796.041182 0.02866328667 4.3e-05
6797.038526 0.02885211087 6.4e-05
6798.03587 0.02842652901 6.3e-05
6799.033205 0.02902026507 4.3e-05
6800.030549 0.02847503159 0.000183
6830.947745 0.02888593993 7.2e-05
6832.942366 0.02866216346 5.5e-05
6833.939677 0.02910370952 5.6e-05
6834.93698 0.02881905082 5.1e-05
6835.93429 0.02878813185 5.4e-05
6858.871991 0.02904074122 8.6e-05
6859.869261 0.02846456596 0.000106
6860.866538 0.02859102335 6.4e-05
6861.863808 0.02853140967 8.3e-05
6862.861077 0.02884684691 5.3e-05
6864.855616 0.02858697863 5.4e-05
6865.852877 0.02871179341 6e-05
6867.847408 0.02830194644 5.4e-05
6868.844669 0.02863292207 5.3e-05
6888.789602 0.02819118326 6e-05
6889.78683 0.02836096775 7.6e-05
6890.784067 0.02846491664 6.2e-05
6892.778523 0.0282757158 8.3e-05
6897.764646 0.02821353786 0.000308
6917.708869 0.02839704791 5.2e-05
6918.706064 0.02834281578 5e-05
6921.697665 0.02856862187 5.3e-05
6922.69486 0.0282511686 5.9e-05
6923.692055 0.02823413786 6.5e-05
6976.543126 0.0277710712 3.7e-05
6978.537516 0.02776904206 3.5e-05
6979.534711 0.02768809159 3.6e-05
6980.531914 0.02795582129 4.4e-05
7007.456543 0.02815495631 3.2e-05
7008.453763 0.02784146227 2.6e-05
7010.448211 0.02773093395 3.4e-05
7015.43436 0.02763603743 2.4e-05
7028.398474 0.02781075484 2.7e-05
7031.390224 0.02760925577 2.5e-05
7044.35462 0.02780864362 3e-05
7046.349167 0.02768538977 4.8e-05
7071.281408 0.02747655041 2.7e-05
7073.276021 0.02771662805 3.9e-05
7074.273332 0.02756907259 2.6e-05
7103.195743 0.02746112762 2.9e-05
7104.193078 0.02744434782 2.7e-05
7106.187758 0.02759423053 3.2e-05
7107.185094 0.02726656162 3.3e-05
7108.182437 0.02718247219 2.4e-05
7109.179781 0.02741666184 2.4e-05
7110.177117 0.02736530498 3.5e-05
7131.121413 0.02728314211 2.4e-05
7132.118757 0.02696843262 2.6e-05
7133.116109 0.02735461347 2.4e-05
7134.113462 0.02736412784 2.7e-05
7136.108166 0.02744444686 2.6e-05
7137.10551 0.02762025879 3.3e-05
7138.102862 0.02744230918 2.5e-05
7139.100214 0.02718146398 2.4e-05
7140.097566 0.02774940941 2.4e-05
7159.047192 0.0270252042 6.8e-05
7160.044536 0.02755643244 4.8e-05
7161.041879 0.02715519744 3.4e-05
7164.033911 0.02731317293 5e-05
7188.967236 0.02690460843 3.6e-05
7190.961874 0.0269587788 3.3e-05
7195.948453 0.02698575368 3.2e-05
7196.945764 0.02688329692 3.1e-05
7197.943075 0.02689588954 3.7e-05
7198.940386 0.0268376455 3.6e-05
7199.937697 0.0269515661 3.3e-05
7226.864527 0.02674301834 3e-05
7227.861797 0.02670770485 2.4e-05
7231.850867 0.02650213338 2.4e-05
7255.784797 0.02628429268 3.3e-05
7256.782025 0.02645475622 3.3e-05
7257.779253 0.02649988204 3.3e-05
7258.776482 0.02650528178 3.5e-05
7261.768158 0.02647365288 3e-05
7262.765378 0.02656016634 3e-05
7285.701237 0.02666819846 4.8e-05
7289.690025 0.02614833534 3.1e-05
7290.68722 0.02637817686 4.2e-05
7294.676001 0.02636618182 3.6e-05
7295.673188 0.02626986792 3.4e-05
7296.670383 0.02665057289 6.2e-05
7298.664765 0.0264915187 7.3e-05
7299.66196 0.02645167659 3.5e-05
7301.656342 0.02591896218 4.6e-05
7313.6226 0.02625988622 3.5e-05
7314.619787 0.02640038478 3.8e-05
7315.616974 0.02628051319 3.4e-05
7316.61416 0.0259949191 0.000138
7317.611347 0.02650880806 4.7e-05
7318.608534 0.02632732254 3.4e-05
7322.597281 0.02643631448 3.2e-05
7324.591655 0.02635410059 3.3e-05
7325.588842 0.02633662465 2.6e-05
7326.586037 0.02636571469 3.7e-05
7328.580411 0.02645620801 3.2e-05
7343.538279 0.02638253676 3.3e-05
7344.535483 0.02616589355 3e-05
7345.532678 0.02652482168 3.2e-05
7346.529873 0.02631627808 3.4e-05
7347.527068 0.02624091691 4.2e-05
7348.524271 0.02600299688 3.4e-05
7394.396478 0.025988174 3e-05
7395.393723 0.02582439198 3.7e-05
7396.390976 0.02628485238 3.6e-05
7397.388229 0.02595004806 3.6e-05
7402.374511 0.02593979769 3.7e-05
7405.366303 0.02561469458 3.2e-05
7406.363564 0.02586870969 2.7e-05
7407.360833 0.02582430809 2.9e-05
7408.358103 0.02591359655 2.5e-05
7434.287533 0.0257647183 4.3e-05
7435.284836 0.02554834687 3.5e-05
7436.282147 0.02584151131 3.7e-05
7439.274063 0.02571632999 2.6e-05
7444.260626 0.02563833421 2.7e-05
7445.257945 0.02597169611 3e-05
7449.247213 0.025572846 2.4e-05
7451.24186 0.02563397155 2.7e-05
7452.239179 0.02597195166 2.6e-05
7454.233826 0.02593237679 3.2e-05
7467.199132 0.02578314651 2.4e-05
7468.196468 0.02587977567 2.9e-05
7469.193803 0.02563993417 2.8e-05
7471.188483 0.02602611165 3.2e-05
7472.185827 0.02588325805 3e-05
7473.183163 0.02577136595 2.7e-05
7474.180507 0.02573162698 2.4e-05
7475.177851 0.0259630866 3.9e-05
7476.175187 0.0259042764 3e-05
7477.172531 0.02599510564 2.7e-05
7478.169874 0.02576546293 2.4e-05
7481.161906 0.02594679658 4.2e-05
7483.156603 0.02611017679 3e-05
7484.153947 0.02597239281 3.2e-05
7485.151299 0.02595545183 3.8e-05
7495.124789 0.02561678601 3.4e-05
7496.122133 0.02578582721 3.8e-05
7497.119485 0.02572658354 3.3e-05
7498.116837 0.02561097255 2.4e-05
7499.114189 0.02562720485 2.8e-05
7500.111542 0.02559096355 3.5e-05
7501.108886 0.02546108778 4.2e-05
7502.106238 0.02529569917 3.4e-05
7503.10359 0.02536036558 2.9e-05
7504.100942 0.02536975835 3.9e-05
7505.098295 0.02547539174 4.3e-05
7507.092991 0.02527650349 3.6e-05
7508.090343 0.0253639944 3.1e-05
7509.087695 0.02490162757 4.6e-05
7510.085039 0.02493846576 3e-05
7511.082392 0.02517102863 3.2e-05
7523.050578 0.02527554386 3.2e-05
7525.045266 0.02501950006 3e-05
7526.04261 0.0251685332 2.7e-05
7528.037298 0.02481310476 2.6e-05
7529.034642 0.02482381156 9.5e-05
7552.970641 0.02441720997 3.2e-05
7553.967969 0.02432389791 2.6e-05
7555.962607 0.02439066882 2.9e-05
7558.954557 0.02454559125 2.5e-05
7585.881621 0.0238573778 4.3e-05
7586.878899 0.02357381617 2.4e-05
7587.876177 0.02332786618 2.4e-05
7589.870732 0.02314933901 3.4e-05
7594.85708 0.02287738067 3.4e-05
7595.85435 0.02297266768 2.6e-05
7598.846134 0.02319219775 3e-05
7599.843395 0.023011603 3.2e-05
7601.837918 0.02294928241 2.4e-05
7618.791088 0.02251478402 4.1e-05
7621.782781 0.02229616993 3.5e-05
7622.780009 0.0226930216 4.1e-05
7623.777237 0.02252204111 3.7e-05
7637.738309 0.02157706571 3e-05
7639.732724 0.02191914061 3.2e-05
7642.724351 0.02200261077 3.5e-05
7644.718757 0.02182901167 2.4e-05
7645.715961 0.02181951827 2.7e-05
7647.710368 0.02177078118 3.5e-05
7648.707571 0.02170173471 3.6e-05
7649.704766 0.02154269899 2.4e-05
7650.70197 0.02166942469 2.4e-05
7651.699165 0.02152817614 3.3e-05
7652.696368 0.0212509036 3.1e-05
7653.693564 0.02153143249 2.6e-05
7654.690759 0.02143867335 2.4e-05
7655.687954 0.02144268923 3.1e-05
7656.685149 0.02171677558 3.3e-05
7657.682344 0.02163634443 2.9e-05
7658.67954 0.02156196625 3.8e-05
7666.657076 0.02144636248 3.4e-05
7667.654271 0.02146650882 3.5e-05
7668.651458 0.02122781586 3.3e-05
7669.648645 0.02095733707 3.2e-05
7670.645832 0.02137109583 4.1e-05
7671.643019 0.02131023777 4.1e-05
7672.640214 0.02111970282 0.000107
7674.634588 0.02109305886 3.1e-05
7675.631775 0.02105543071 2.9e-05
7676.628962 0.02140759305 2.9e-05
7677.626149 0.02154323337 3.1e-05
7678.623336 0.02132893328 2.9e-05
7679.620522 0.02120928502 2.4e-05
7681.614896 0.02098088784 3.3e-05
7682.612083 0.02112309914 3.1e-05
7683.60927 0.02103674603 3.8e-05
7684.606457 0.02128385366 2.7e-05
7685.603644 0.02120014932 3.4e-05
7686.600831 0.02097783434 2.6e-05
7698.567099 0.02072195593 3e-05
7704.550245 0.02114740535 4.6e-05
7705.54744 0.02111931608 3.1e-05
7706.544627 0.0210949171 3.1e-05
7707.541822 0.02093717833 3.2e-05
7708.539017 0.02087467431 3.7e-05
7709.536213 0.02060676425 2.9e-05
7710.533408 0.02074748334 7.4e-05
7711.530611 0.02094332358 3e-05
7713.525002 0.02077765036 3.3e-05
7714.522205 0.02060150979 2.4e-05
7716.516604 0.02079597272 2.9e-05
7717.513807 0.02057047266 3.5e-05
7728.483078 0.02021458401 2.6e-05
7729.48029 0.02004454459 3.1e-05
7730.47751 0.02019440071 2.8e-05
7731.474722 0.02039880262 3.6e-05
7732.471934 0.02009530458 3.3e-05
7735.463594 0.02022656669 3.4e-05
7736.460805 0.0199960399 3.2e-05
7737.458034 0.02006774199 3e-05
7738.455254 0.02011037377 2.6e-05
7739.452474 0.02017337656 2.4e-05
7741.446922 0.01993150198 2.7e-05
7743.441379 0.01992327877 3e-05
7745.435835 0.02013357653 2.8e-05
7747.4303 0.01976835917 3.2e-05
7758.399952 0.01979513141 2.9e-05
7759.397196 0.01979405468 2.8e-05
7760.394449 0.01943644727 2.4e-05
7761.391703 0.0193522954 3e-05
7762.388956 0.01894781336 2.6e-05
7763.386209 0.01926345784 3.3e-05
7764.383462 0.0194486621 3e-05
7765.380715 0.01928848785 5.3e-05
7766.377976 0.01927329164 3.5e-05
7767.375238 0.01906010598 2.7e-05
7768.372499 0.01931264588 3.7e-05
7769.36976 0.01916822851 4.8e-05
7770.367022 0.01901361427 5e-05
7771.364283 0.01928028172 3.1e-05
7772.361553 0.01909531151 3.3e-05
7773.358814 0.01910598132 2.4e-05
7774.356084 0.01905243861 3.8e-05
7775.353353 0.01910262459 5.4e-05
7776.350631 0.01896720265 3.9e-05
7777.347901 0.01854783878 3.9e-05
7778.345179 0.01914500327 3.4e-05
7786.323419 0.01879456265 3.9e-05
7787.320705 0.01885298466 3.9e-05
7788.317991 0.01866413752 3.2e-05
7789.315285 0.01858159442 3e-05
7790.312572 0.01866215521 3.7e-05
7791.309866 0.01851207309 3.5e-05
7793.304455 0.01831568478 2.4e-05
7796.296338 0.01825652584 3.7e-05
7797.293641 0.01808910644 3.2e-05
7800.285549 0.01818838653 3e-05
7801.282852 0.01813453036 2.4e-05
7802.280155 0.01827704627 4.5e-05
7805.272079 0.01805944673 5.8e-05
7806.26939 0.01806995682 3.7e-05
7807.266701 0.01789223339 4.6e-05
7817.239877 0.01769420402 2.9e-05
7820.231852 0.01777087011 3.1e-05
7821.229179 0.01767105012 2.9e-05
7823.223834 0.01752460967 4.2e-05
7825.218498 0.01787715202 4.7e-05
7827.213161 0.01744278019 3.5e-05
7832.199832 0.01705091479 3.6e-05
7833.197168 0.01717235077 0.000138
7834.194503 0.01729526379 3.6e-05
7835.191839 0.01720705184 4.2e-05
7836.189183 0.01720256229 3.7e-05
7837.186519 0.01693495463 7.6e-05
7838.183863 0.01699900341 4.1e-05
7839.181199 0.01678460669 3.9e-05
7848.157304 0.01671082064 3.4e-05
7850.151992 0.01686854516 0.000117
7852.146689 0.01661016696 0.000156
7853.144041 0.01655969165 5.3e-05
7855.138737 0.01624380667 6.7e-05
7857.133434 0.01630186833 3.4e-05
7858.130778 0.01641327902 0.000113
7859.12813 0.01637506134 8.4e-05
7860.125483 0.01642098214 0.000129
7861.122835 0.0165385987 4.4e-05
7862.120179 0.01651010009 5.6e-05
7863.117531 0.01636132 4.5e-05
7864.114884 0.01640395133 5.1e-05
7866.10958 0.01642369969 3.9e-05
7867.106933 0.01649641491 6e-05
7868.104285 0.01645731386 6e-05
7869.101637 0.01617807778 3.4e-05
7878.077792 0.0159058269 6.3e-05
7881.069841 0.01625419985 7e-05
7886.056578 0.01570370571 8.4e-05
7887.053922 0.01586934836 4e-05
7888.051266 0.0156798994 4.2e-05
7889.048618 0.01557404928 4.2e-05
7890.045962 0.01559078501 6.6e-05
7891.043307 0.01548411572 4.4e-05
7892.040651 0.01563032362 6.5e-05
7893.037995 0.01539065765 4.3e-05
7894.035339 0.01582026187 0.000149
7895.032675 0.01531193559 3.6e-05
7896.030019 0.01554802885 6.9e-05
7897.027363 0.01547272662 3.8e-05
7900.019379 0.01546343833 5.7e-05
7907.998073 0.01512260267 8.3e-05
7908.995401 0.01531628458 3.8e-05
7909.992737 0.01490670029 4.5e-05
7911.987392 0.01507725954 4.6e-05
7912.98472 0.01464065725 5.8e-05
7913.982047 0.01506234867 3.2e-05
7914.979375 0.01430312942 4.9e-05
7915.976702 0.01451352407 0.000108
7918.968668 0.01450610748 3.8e-05
7921.960626 0.01439852298 4.3e-05
7922.957945 0.0144198639 4.6e-05
7923.955265 0.01435242132 4.9e-05
7924.952576 0.01436661038 4.9e-05
7925.949895 0.01404609027 3.7e-05
7926.947206 0.01459678299 6.4e-05
7927.944517 0.01413435563 3.5e-05
7936.920267 0.0141928449 3.3e-05
7939.912167 0.01360864625 2.9e-05
7940.909461 0.0137836721 3.7e-05
7941.906747 0.01383303081 4.6e-05
7942.904042 0.01383752916 3.4e-05
7943.901336 0.01373617624 3.3e-05
7944.898623 0.01370808925 5.1e-05
7945.895909 0.0138947656 3e-05
7948.887767 0.01356192273 4.5e-05
7949.885054 0.01347011368 4.2e-05
7951.87961 0.01335896145 3.4e-05
7952.876888 0.01345546523 3e-05
7953.874165 0.01333548067 3.6e-05
7954.871443 0.01361963867 4.1e-05
7956.865991 0.01344044392 3.1e-05
7957.863261 0.01331080227 5.3e-05
7958.86053 0.01341192128 4.2e-05
7960.855062 0.01335776941 4.4e-05
7969.830406 0.01303246218 3.7e-05
7970.827651 0.01284097953 4.2e-05
7971.824904 0.01291483972 2.7e-05
7972.822157 0.01305388396 2.7e-05
7974.816647 0.01282719288 4.7e-05
7975.813892 0.01263141954 4.6e-05
8007.725075 0.01181118673 4.8e-05
8008.722278 0.01195571102 4.5e-05
8009.71949 0.01152257513 2.9e-05
8010.716693 0.01169023931 7.1e-05
8011.713897 0.01180097875 3.7e-05
8012.711092 0.01155146792 3.2e-05
8013.708296 0.0115158127 4.7e-05
8014.705499 0.01146765693 3.3e-05
8015.702695 0.01156954381 4.3e-05
8016.699898 0.01143471921 4.8e-05
8018.694297 0.01149071234 3.6e-05
8019.691492 0.01115795647 3e-05
8020.688687 0.01142786659 5e-05
8021.685883 0.01119006578 3.8e-05
8043.624071 0.01049983521 5.3e-05
8044.621258 0.01085416521 4.6e-05
8045.618445 0.01035078969 5e-05
8046.615632 0.01052700228 3e-05
8047.612819 0.0102916106 4.8e-05
8048.610006 0.01043393667 3.4e-05
8064.565015 0.009942272419 5.5e-05
8066.559397 0.009735266292 2.6e-05
8067.556592 0.009694126405 2.4e-05
8068.553779 0.009803594131 9.1e-05
8069.550975 0.009455326717 2.7e-05
8071.545365 0.009732979646 3.1e-05
8073.539747 0.00952980332 3.3e-05
8074.536943 0.0094713713 2.8e-05
8075.534146 0.009481231103 3.6e-05
8076.531342 0.009564754184 3e-05
8078.525732 0.009459211334 6.6e-05
8079.522936 0.00950305525 3.6e-05
8080.520131 0.009422430612 4.4e-05
8081.517334 0.009336693272 3.7e-05
8082.514538 0.009400523076 4.3e-05
8092.486598 0.008872058161 4.4e-05
8094.481022 0.008778699254 3.5e-05
8095.478234 0.00890038039 3.3e-05
8096.475446 0.008759075557 2.7e-05
8097.472666 0.008730617161 3.1e-05
8099.467098 0.008806478623 4.2e-05
8105.450427 0.008696279424 3.2e-05
8106.447647 0.008675660632 2.9e-05
8107.444875 0.008584440102 5.3e-05
8108.442103 0.008391040543 3.9e-05
8109.439332 0.008466624972 3.8e-05
8110.43656 0.008406823813 4.7e-05
8111.433788 0.008496433729 4.4e-05
8112.431025 0.008606433752 4.5e-05
8113.428253 0.00817634618 6.6e-05
8127.389666 0.008053417537 4.4e-05
8133.37321 0.007881300658 6.9e-05
8134.370471 0.007635830225 7.2e-05
8136.364994 0.007761913177 7.1e-05
8137.362264 0.008082731305 4.2e-05
8138.359533 0.008077382598 4.9e-05
8140.354065 0.007729973778 4e-05
8141.351334 0.008079887262 4.1e-05
8142.348612 0.007985399547 3.9e-05
8143.345882 0.008277100318 6.4e-05
8144.34316 0.007971169662 5.5e-05
8161.297043 0.007817683174 4.9e-05
8162.294346 0.007604180359 4.9e-05
8164.288943 0.007512704525 6.3e-05
8165.286246 0.00760386635 3.5e-05
8167.28086 0.00764702945 3.5e-05
8169.275474 0.007384500956 2.9e-05
8170.272777 0.007413797859 3.5e-05
8172.267399 0.007922063028 5.2e-05
8173.26471 0.00753790156 4e-05
8174.262029 0.007489141291 5.6e-05
8190.219189 0.007042185811 4.3e-05
8191.216524 0.007052941764 0.000109
8194.208516 0.007074825885 3.4e-05
8195.205852 0.007064520004 5.9e-05
8196.203187 0.007001935982 4.3e-05
8197.200523 0.00708130469 4.5e-05
8201.189875 0.007022354078 2.9e-05
8202.187211 0.006804554941 5.7e-05
8203.184555 0.006880412744 3.7e-05
8204.181891 0.006816490194 3.9e-05
8205.179235 0.006859572358 3.2e-05
8216.150029 0.00673845571 4.7e-05
8231.110275 0.006523783161 4.5e-05
8232.107619 0.006400152033 2.9e-05
8233.104971 0.006605000401 3.8e-05
8234.102324 0.006399307246 5.5e-05
8252.05461 0.006245799983 2.5e-05
8254.049307 0.005945470489 4.7e-05
8255.046651 0.006142909444 3.2e-05
8256.043995 0.005863650976 3.1e-05
8257.041339 0.00597160566 3.2e-05
8258.038683 0.005813249109 3.6e-05
8259.036028 0.006119087496 3.6e-05
8260.033372 0.005708896601 3e-05
8261.030708 0.00587324462 3.5e-05
8262.028052 0.006041798605 2.7e-05
8263.025388 0.005805411979 5.4e-05
8266.017412 0.005595171877 4.4e-05
8280.977393 0.005404236973 3.3e-05
8281.974721 0.005343048022 2.9e-05
8282.97204 0.005362242463 4.3e-05
8283.969359 0.005321638511 4.7e-05
8285.964006 0.005224649251 3.7e-05
8287.958645 0.005107369515 2.8e-05
8288.955956 0.005602793943 4.5e-05
8289.953276 0.005493123838 4.2e-05
8290.950587 0.00512428569 4e-05
8291.947898 0.005096525993 3.7e-05
8292.945217 0.004955166344 2.4e-05
8293.942528 0.005154485294 3e-05
8294.939831 0.005064881721 2.9e-05
8295.937142 0.004974958753 4.8e-05
8296.934453 0.005015360637 4.3e-05
8312.891191 0.004403342903 2.4e-05
8313.88847 0.004594367207 3e-05
8314.885756 0.0045636069 2.7e-05
8315.883034 0.004260340179 3.3e-05
8316.88032 0.004481870506 2.9e-05
8317.877598 0.004439785661 2.7e-05
8318.874868 0.004449228934 3e-05
8319.872146 0.004340484613 3.3e-05
8322.863964 0.004201210728 3.1e-05
8323.861233 0.004194963998 2.4e-05
8325.855773 0.00408940208 2.6e-05
8326.853034 0.003986612606 2.7e-05
8327.850304 0.0038457755 2.4e-05
8342.809094 0.003906646783 2.8e-05
8345.800821 0.003511340386 3e-05
8346.798058 0.003542754933 2.8e-05
8347.795294 0.00372559416 3.5e-05
8348.792523 0.003639867322 2.9e-05
8349.78976 0.003556455412 3.4e-05
8350.786988 0.003608261708 2.6e-05
8352.781453 0.003304984839 2.7e-05
8353.778682 0.003437178499 9.9e-05
8354.77591 0.003134121291 4.9e-05
8355.77313 0.003314988586 2.4e-05
8356.770359 0.003231071289 3.2e-05
8357.767579 0.003398429381 2.5e-05
8370.731383 0.0031999532 4.7e-05
8371.72862 0.002697407809 2.4e-05
8372.725823 0.002974880504 2.6e-05
8377.71185 0.00278327175 3.5e-05
8378.709045 0.002870469499 6.1e-05
8379.706249 0.002865012345 3.6e-05
8380.703452 0.002765350395 3.6e-05
8381.700648 0.002774860795 3.9e-05
8383.695047 0.002988010237 3.2e-05
8384.692242 0.00258401009 3.3e-05
8385.689437 0.002823457904 3.3e-05
8386.686633 0.002437328269 3.8e-05
8387.683828 0.002450520719 3.9e-05
8388.681023 0.002517728131 5.6e-05
8389.678219 0.002641038097 2.9e-05
8390.675406 0.00230675639 3.3e-05
8391.672601 0.002469635036 6.9e-05
8392.669797 0.002152114059 4.5e-05
8393.666984 0.002466817237 5.3e-05
8394.664179 0.002433230875 6.6e-05
8397.655749 0.002457454857 2.6e-05
8398.652944 0.002355243783 2.8e-05
8399.650131 0.002651038642 3.6e-05
8402.641692 0.002139228858 3.9e-05
8403.638888 0.00209944765 4.9e-05
8404.636075 0.002045066277 5.3e-05
8405.633262 0.002018964919 0.000201
8406.630449 0.001766416383 5.8e-05
8408.624823 0.002127206141 3.4e-05
8409.62201 0.002021893973 3.5e-05
8410.619197 0.001871555721 3.4e-05
8412.613571 0.002013852446 3.9e-05
8413.610759 0.001895962141 3.6e-05
8414.607946 0.001429975483 3.3e-05
8415.605124 0.001655608215 4.1e-05
8416.602312 0.001395040236 5e-05
8417.599499 0.001931381855 4e-05
8418.596686 0.001507075927 3.6e-05
8422.585442 0.001588536015 3.6e-05
8423.582629 0.001226108047 3.3e-05
8424.579825 0.001333934383 3.3e-05
8426.574199 0.001096029577 3.9e-05
8427.571386 0.00123749888 6.2e-05
8428.568581 0.001101780652 4.3e-05
8429.565769 0.001072642146 3e-05
8430.562956 0.00141705335 3e-05
8431.560151 0.001049931851 2.5e-05
8432.557338 0.001088992669 3.3e-05
8433.554534 0.001245309933 2.8e-05
8434.551729 0.001410954911 3e-05
8435.548916 0.0008936494396 3.2e-05
8436.546111 0.0009353343497 0.000152
8441.532088 0.0008425523868 3.8e-05
8443.526479 0.0008616394827 2.6e-05
8444.523683 0.0005830367934 3e-05
8445.520878 0.0007475909559 3.1e-05
8447.515285 0.0007010332172 3.3e-05
8448.512481 0.00061581657 3.1e-05
8449.509684 0.0007732674459 2.6e-05
8450.506888 0.0007126232891 3.6e-05
8451.504092 0.0007399588458 3.2e-05
8453.498507 0.0005790781245 3.6e-05
8454.495719 0.000369247357 3.5e-05
8455.492923 0.0006494064468 2.6e-05
8456.490135 0.0005804862339 2.6e-05
8457.487338 0.0004497947821 2.9e-05
8459.481762 0.0005331031522 2.8e-05
8460.478974 0.0003900144396 3.2e-05
8461.476194 0.0003173043322 4.3e-05
8465.465058 0.0002726865418 3.4e-05
8466.462279 0.0002149809841 4.6e-05
8469.453939 0.0002455949967 7.1e-05
8470.451168 0.000166531667 4.3e-05
8471.448388 0.0006378240275 5.1e-05
8472.445616 -0.0001773165671 4.6e-05
8473.442845 -0.0001751037643 4.6e-05
8474.440073 -0.0001950381423 5.5e-05
8475.437302 0.0003613502737 7.1e-05
8476.43453 -0.000246428949 4.4e-05
8477.431758 5.179808207e-06 4.6e-05
8478.428995 -0.0002127686595 4.1e-05
8480.423469 -0.0003367556779 5.1e-05
8481.420705 -0.0001197843587 5.2e-05
8483.415187 -0.0001631578647 5e-05
8484.412424 -0.0005333111048 4.6e-05
8485.409669 -0.0002213910398 3.9e-05
8486.406914 -0.0005614343651 4.1e-05
8489.398649 -0.0005342121842 4.2e-05
8490.395902 -0.0002712702182 3.4e-05
8492.3904 -0.0006984030535 4e-05
8493.387654 -0.0006900962828 4.3e-05
8494.384907 -0.0007027949708 4.4e-05
8495.38216 -0.0005284052949 4.9e-05
8496.379422 -0.0006837712381 4e-05
8497.376683 -0.0008335000228 3.7e-05
8499.371198 -0.0009617975244 3.7e-05
8500.36846 -0.0007525121333 3.2e-05
8501.365729 -0.0007094339824 7.5e-05
8502.362991 -0.001035968956 8.8e-05
8503.360261 -0.00109564054 4.1e-05
8504.357522 -0.0009913976849 3.7e-05
8505.354792 -0.001031890153 5.1e-05
8506.352062 -0.001195349029 4.5e-05
8507.34934 -0.0009157577333 7.1e-05
8508.34661 -0.001079777125 4.1e-05
8509.343888 -0.001150307868 4.1e-05
8510.341166 -0.0013227394 4.2e-05
8511.338444 -0.001387381196 5.3e-05
8512.335722 -0.0007245456485 6e-05
8513.333 -0.001153337446 3.8e-05
8514.330287 -0.001038513672 2.6e-05
8520.314005 -0.001489409043 5.2e-05
8521.311291 -0.001532309208 4.1e-05
8522.308586 -0.001743293447 4.5e-05
8523.30588 -0.001494107504 3.5e-05
8524.303175 -0.001435769978 6e-05
8525.30047 -0.001519157245 4.6e-05
8526.297764 -0.001644943054 8.5e-05
8527.295067 -0.001966198153 4.6e-05
8529.289665 -0.00151470209 5.5e-05
8531.284271 -0.001953265684 5.4e-05
8532.281573 -0.002140861328 4.1e-05
8533.278885 -0.001685237198 5.5e-05
8534.276188 -0.001725130763 5.2e-05
8535.273499 -0.002010344348 4.2e-05
8536.27081 -0.002085876913 6.1e-05
8537.268121 -0.001571065438 4.4e-05
8538.265432 -0.002313800763 3.5e-05
8539.262743 -0.002292569801 5.3e-05
8540.260055 -0.002355351793 4.4e-05
8542.254693 -0.002133047842 3.3e-05
8543.252013 -0.001919036145 5.7e-05
8544.249332 -0.002165792245 4.5e-05
8545.246652 -0.0021587507 5.3e-05
8546.243971 -0.002309413171 2.4e-05
8547.241291 -0.002308348703 3.8e-05
8550.233266 -0.002433006265 6.3e-05
8551.230593 -0.002444770788 4.4e-05
8553.22524 -0.002260300215 4.9e-05
8554.222576 -0.002388695121 8e-05
8555.219904 -0.002060082285 5.1e-05
8556.217232 -0.002684825096 6.9e-05
8557.214568 -0.002654857941 3.2e-05
8559.209232 -0.003057803289 0.000156
8560.206568 -0.002615460821 5.1e-05
8561.203895 -0.002569651109 4.2e-05
8563.198567 -0.002891697072 6.8e-05
8566.190583 -0.002739360749 5.3e-05
8576.16401 -0.00297832133 5.2e-05
8577.161354 -0.003195284185 5e-05
8579.156042 -0.003636089551 3.3e-05
8580.153395 -0.003124462246 4.3e-05
8582.148083 -0.003724808265 6.7e-05
8583.145436 -0.00378629045 5.8e-05
8584.14278 -0.003883523223 6.3e-05
8585.140133 -0.003687584084 4.8e-05
8586.137477 -0.003840272284 6.1e-05
8587.13483 -0.003791371315 3.8e-05
8588.132174 -0.003655612474 8e-05
8589.129526 -0.003712042367 5.1e-05
8590.126879 -0.003709220554 6.1e-05
8591.124223 -0.003810807854 3.9e-05
8592.121576 -0.003532859612 5e-05
8593.118928 -0.003824675256 4.8e-05
8594.116281 -0.004091094065 9e-05
8595.113625 -0.003937880827 6.6e-05
8596.110978 -0.003676491622 5e-05
8597.10833 -0.003791910494 0.000116
8598.105683 -0.003640365118 8.4e-05
8601.097732 -0.004167352094 4.2e-05
8604.08979 -0.004283909652 5.1e-05
8605.087134 -0.004005279409 4.1e-05
8606.084486 -0.004157113797 3.4e-05
8608.079183 -0.004284253626 7.4e-05
8609.076536 -0.004271444287 4.7e-05
8610.073888 -0.004689103488 6.3e-05
8611.071233 -0.004882204323 9.2e-05
8613.065929 -0.004749577664 4.8e-05
8617.055323 -0.004778496967 4.1e-05
8618.052667 -0.005128691415 2.8e-05
8619.050012 -0.005250960828 2.9e-05
8621.0447 -0.005427045172 3.5e-05
8624.036733 -0.004742607654 6.3e-05
8625.034077 -0.00490300264 4.3e-05
8626.031421 -0.004538727783 4.7e-05
8627.028757 -0.004950428809 5.2e-05
8628.026102 -0.004806936149 3.7e-05
8629.023438 -0.005123420212 6.3e-05
8630.020782 -0.005161900032 5.3e-05
8631.018118 -0.005001912695 9.4e-05
8633.012798 -0.005446699604 6.2e-05
8634.010134 -0.005199545858 6.3e-05
8635.00747 -0.005028869487 3.8e-05
8636.004806 -0.005270065683 3.9e-05
8637.99947 -0.004909562712 2.5e-05
8641.988798 -0.005263779318 5.4e-05
8646.975428 -0.005474018858 5e-05
8647.972756 -0.005857729942 6.3e-05
8648.970075 -0.006085698523 2.4e-05
8649.967403 -0.006067412439 5.3e-05
8650.964722 -0.005946034956 6.7e-05
8651.962042 -0.005664465386 3.6e-05
8653.956673 -0.00637165556 8.8e-05
8654.953992 -0.0064767212 9.9e-05
8656.948614 -0.006108071353 6.7e-05
8657.945934 -0.006187436983 7.3e-05
8658.943245 -0.006636110173 6.5e-05
8659.940548 -0.006225673499 3.1e-05
8660.937859 -0.006436476902 0.000104
8661.93517 -0.006226648235 6.1e-05
8677.89191 -0.006874180592 4.3e-05
8678.889196 -0.006871335426 3.5e-05
8679.886483 -0.006808431469 5.4e-05
8682.878317 -0.007174703357 5.7e-05
8683.875595 -0.006979516092 7.6e-05
8685.870151 -0.007065020254 4.8e-05
8686.867421 -0.007651908871 3e-05
8688.861961 -0.007079711877 5e-05
8689.859231 -0.007479540847 4.2e-05
8693.848294 -0.007486774021 3.4e-05
8694.845555 -0.007763813468 2.8e-05
8695.842817 -0.007611987503 5.8e-05
8696.840079 -0.007868977657 4.1e-05
8697.837332 -0.007675831322 4e-05
8699.831847 -0.007697644469 5e-05
8700.8291 -0.007741889462 4.9e-05
8701.826353 -0.007643498207 5.9e-05
8702.823599 -0.00767364836 6.2e-05
8703.820852 -0.007939986712 3.8e-05
8704.818097 -0.007783919615 2.4e-05
8705.815342 -0.008251576736 3.6e-05
8706.812587 -0.007745708304 5.2e-05
8708.807069 -0.008059871699 5.2e-05
8710.801551 -0.008376210591 4.7e-05
8712.796024 -0.008333190833 4.5e-05
8714.790498 -0.00805517066 6.8e-05
8715.787726 -0.008454483929 4e-05
8716.784955 -0.00832090466 5.6e-05
8717.782192 -0.008285896859 5.6e-05
8720.773869 -0.008107868844 6.1e-05
8722.768318 -0.00890990724 4e-05
8723.765538 -0.008192122671 4.5e-05
8724.762766 -0.008894244977 0.0001
8725.759987 -0.008767890086 0.000121
8726.757199 -0.009075744449 9.2e-05
8729.748851 -0.009339307673 5.6e-05
8730.746063 -0.009589453317 4.7e-05
8731.743283 -0.008852489509 5.2e-05
8732.740495 -0.009041661121 8e-05
8733.737699 -0.009082175383 0.000114
8734.734919 -0.009454821289 5.1e-05
8735.732123 -0.009521930609 4.6e-05
8736.729335 -0.009146667204 6.1e-05
8737.726539 -0.009186783756 4.8e-05
8740.718158 -0.009454010876 5.7e-05
8741.715362 -0.009575690307 6e-05
8742.712566 -0.009237995536 6.6e-05
8743.709769 -0.00962157927 6.3e-05
8744.706965 -0.009671737687 4.7e-05
8745.704168 -0.009495041464 7.3e-05
8746.701364 -0.00946272355 6.4e-05
8747.698568 -0.009740537891 4.5e-05
8749.692959 -0.009351963585 6.6e-05
8750.690154 -0.009705016821 6.4e-05
8753.68174 -0.009910008094 5.3e-05
8754.678936 -0.009827197688 6.4e-05
8756.673327 -0.009542137529 4.5e-05
8757.670514 -0.009841819334 4.1e-05
8760.662092 -0.009993815426 3.8e-05
8763.653662 -0.009710286173 3.8e-05
8764.650857 -0.009835030576 4.1e-05
8765.648044 -0.009922542521 3.8e-05
8766.645232 -0.01016644794 4.9e-05
8767.642419 -0.01011911176 4.9e-05
8768.639606 -0.01027951011 4.5e-05
8770.63398 -0.01012646893 4.3e-05
8771.631167 -0.01021366579 3.4e-05
8772.628355 -0.01024281205 3.7e-05
8773.625542 -0.01027737589 3.5e-05
8774.622729 -0.01008858099 6.3e-05
8775.619916 -0.01031099355 3.3e-05
8777.614291 -0.01002282244 4.4e-05
8779.608665 -0.01039422084 6.7e-05
8780.605852 -0.01031607587 3.4e-05
8781.603039 -0.01037711131 3.4e-05
8782.600226 -0.01017601726 4.2e-05
8783.597414 -0.01057335069 4.5e-05
8784.594601 -0.01077025392 4.2e-05
8785.591788 -0.01040898791 4.2e-05
8786.588983 -0.01054411039 4.1e-05
8791.574919 -0.01058060674 3.1e-05
8793.569302 -0.01075410268 3.2e-05
8794.566489 -0.01026701272 4.6e-05
8795.563685 -0.01061970907 5.7e-05
8796.560872 -0.01114742544 3.1e-05
8799.55245 -0.01090682798 4.6e-05
8800.549637 -0.01080637333 6.2e-05
8801.546833 -0.01061136304 7.2e-05
8803.541224 -0.01085719412 3.7e-05
8805.535614 -0.01089981465 2.8e-05
8806.53281 -0.01087763299 4.3e-05
8807.530005 -0.01104748179 3.8e-05
8809.524405 -0.01133253178 4.7e-05
8810.5216 -0.01112111781 3.7e-05
8811.518804 -0.01102733052 5.2e-05
8812.515999 -0.01114186065 2.8e-05
8813.513203 -0.01128047823 3.3e-05
8815.50761 -0.01110305638 3.8e-05
8816.504814 -0.01175250849 3.5e-05
8817.502018 -0.01121352078 4.8e-05
8818.49923 -0.01116806434 4.8e-05
8820.493646 -0.01143753668 6e-05
8821.490849 -0.01173852143 3.5e-05
8822.488061 -0.01129247213 5.2e-05
8823.485273 -0.01142227703 3.3e-05
8824.482485 -0.0111008448 5.5e-05
8825.479697 -0.01124843367 4.2e-05
8826.476909 -0.01170156805 3.9e-05
8827.474121 -0.01122339844 5.8e-05
8828.471342 -0.01132661362 4.1e-05
8830.465774 -0.01165148813 3.6e-05
8831.462994 -0.01161455276 3e-05
8832.460215 -0.01132534284 6e-05
8834.454655 -0.01187602042 4.1e-05
8835.451875 -0.01190984849 4.7e-05
8836.449104 -0.01152169745 9e-05
8838.443553 -0.01178192139 3.2e-05
8839.440781 -0.01180788394 4.8e-05
8840.43801 -0.01201382768 3.1e-05
8841.435247 -0.01172001608 6.2e-05
8842.432475 -0.01203337834 3.4e-05
8843.429712 -0.01215919568 5.1e-05
8844.426941 -0.01185246191 4e-05
8845.424177 -0.01221585078 3.3e-05
8846.421414 -0.01235111729 2.4e-05
8847.418651 -0.01226163758 4.6e-05
8848.415888 -0.01209556933 4.3e-05
8849.413133 -0.01236588715 4.8e-05
8851.407615 -0.01219765019 6e-05
8853.402113 -0.01251312628 4.5e-05
8854.399358 -0.0121329967 4.9e-05
8855.396612 -0.01211367371 6.8e-05
8856.393857 -0.01221573314 6.3e-05
8857.39111 -0.01237930483 7.7e-05
8858.388364 -0.01288420658 4e-05
8859.385617 -0.0123918559 7.1e-05
8860.38287 -0.01234889436 3.4e-05
8861.380124 -0.01250761092 5.6e-05
8862.377385 -0.01235056957 4.8e-05
8864.371909 -0.01288173558 4.5e-05
8865.36917 -0.01262192072 7.3e-05
8866.366432 -0.01248055259 7.5e-05
8867.363693 -0.01300843634 6e-05
8868.360963 -0.01259788421 5e-05
8870.355495 -0.01289896044 4e-05
8873.347313 -0.01278756682 6.1e-05
8874.344591 -0.01283061994 8.6e-05
8875.341861 -0.01306536679 4.5e-05
8876.339147 -0.01274137437 5.3e-05
8877.336426 -0.01284436924 5.4e-05
8878.333704 -0.01313787629 4.8e-05
8879.330982 -0.01296598647 3.7e-05
8880.328268 -0.01291154841 5.9e-05
8881.325555 -0.01345566756 4.2e-05
8883.320119 -0.01327416075 7.3e-05
8886.311987 -0.01355016021 6.4e-05
8887.309282 -0.0133289807 7.7e-05
8888.306577 -0.01327906467 6.9e-05
8963.106369 -0.01563500659 6.6e-05
8964.103713 -0.01582091892 7e-05
8965.101066 -0.01597218404 3.3e-05
8977.069264 -0.01598729708 6e-05
8979.063961 -0.01606865161 6.2e-05
8988.040077 -0.01673430221 2.6e-05
8989.037422 -0.01653302387 2.4e-05
8991.032102 -0.01641256219 2.6e-05
8992.029446 -0.01667408641 2.4e-05
8993.026782 -0.01686727317 2.6e-05
8995.021463 -0.01665463864 4e-05
8996.018807 -0.01664279899 3.9e-05
8997.016143 -0.01677224759 3.5e-05
8998.013479 -0.01694600472 3.3e-05
8999.010816 -0.01690903592 3.9e-05
9001.005496 -0.01683353944 3.1e-05
9003.00016 -0.01681235088 4.7e-05
9003.997496 -0.01720803697 2.4e-05
9005.99216 -0.01714829953 2.7e-05
9006.989488 -0.01711740008 2.4e-05
9007.986816 -0.016963375 6.2e-05
9012.973446 -0.01725493378 2.9e-05
9013.970766 -0.01726250843 2.4e-05
9015.965413 -0.01750251237 2.6e-05
9016.962733 -0.01754535504 2.4e-05
9020.951995 -0.01758184777 4.6e-05
9021.949306 -0.01763139056 3e-05
9025.938551 -0.01773395983 7.3e-05
9026.935862 -0.01784653624 7.5e-05
9027.933165 -0.01761311255 2.5e-05
9028.930469 -0.01791959091 2.4e-05
9029.92778 -0.01778828602 2.5e-05
9038.903457 -0.01793308079 2.4e-05
9039.900744 -0.01830370041 2.5e-05
9040.898039 -0.01806387865 2.4e-05
9041.895325 -0.01811148894 2.6e-05
9042.892612 -0.01827208683 2.4e-05
9043.889898 -0.0180619073 2.4e-05
9044.887176 -0.01811549991 2.4e-05
9046.881741 -0.01836314482 2.4e-05
9048.876297 -0.01817607896 2.6e-05
9049.873576 -0.01843353634 2.9e-05
9050.870846 -0.0182661262 3.9e-05
9051.868124 -0.01857497512 3.3e-05
9052.865394 -0.01838861035 2.4e-05
9053.862664 -0.01864117905 2.9e-05
9054.859934 -0.01855363612 2.8e-05
9055.857204 -0.0188653866 2.6e-05
9057.851735 -0.01857729348 2.4e-05
9066.827057 -0.01914035678 4.1e-05
9067.824311 -0.01934960964 2.6e-05
9068.821556 -0.01932187103 2.4e-05
9071.8133 -0.01916179617 2.8e-05
9072.810537 -0.0194352648 3e-05
9073.807782 -0.0192236268 3.9e-05
9074.805027 -0.01934634109 3.9e-05
9075.802264 -0.01956245938 2.4e-05
9076.799501 -0.01943253796 2.5e-05
9077.796737 -0.01938616457 2.9e-05
9079.791211 -0.01949946686 2.4e-05
9081.785668 -0.01983198444 9.8e-05
9084.777362 -0.01959002042 2.8e-05
9085.774583 -0.01977134563 2.9e-05
9086.771811 -0.01983800498 2.6e-05
9087.769032 -0.01982412092 4.6e-05
9088.76626 -0.02024083088 2.4e-05
9089.763481 -0.01999774579 3.3e-05
9090.760701 -0.01990273214 5.6e-05
9091.757921 -0.01999832879 6.3e-05
9094.749574 -0.02018443959 6.4e-05
9095.746786 -0.02016521052 6.7e-05
9096.743998 -0.02026667775 4.5e-05
9097.74121 -0.02041015862 2.9e-05
9098.738422 -0.02021596512 3e-05
9099.735635 -0.02041240885 2.4e-05
9100.732847 -0.02040232334 2.6e-05
9102.727262 -0.02030575165 2.5e-05
9103.724466 -0.02013637049 2.8e-05
9105.718882 -0.02035619009 3.7e-05
9106.716086 -0.0206049154 2.7e-05
9107.713281 -0.02046681668 2.4e-05
9108.710485 -0.02052180188 2.8e-05
9110.704893 -0.02053399918 5e-05
9111.702088 -0.02058507963 3.6e-05
9120.676857 -0.02055741811 3.2e-05
9121.674044 -0.02074067649 3.2e-05
9127.657201 -0.02094736287 3.2e-05
9128.654388 -0.02115277639 2.4e-05
9130.648771 -0.02105141507 2.4e-05
9131.645958 -0.0208970593 2.4e-05
9132.643145 -0.0213131637 2.4e-05
9134.63752 -0.02109680089 3.6e-05
9135.634707 -0.02127382728 2.4e-05
9136.631894 -0.02131047826 2.4e-05
9137.629081 -0.0210243883 2.8e-05
9138.626269 -0.02132543904 2.8e-05
9139.623456 -0.02147379509 2.4e-05
9142.615018 -0.02154426016 3.5e-05
9143.612205 -0.02129879673 3.1e-05
9144.609392 -0.02175151633 2.8e-05
9145.60658 -0.02152861083 2.7e-05
9146.603767 -0.02155116589 2.4e-05
9147.600954 -0.02167953353 2.5e-05
9148.598141 -0.02147210154 2.4e-05
9149.595329 -0.02171987378 4e-05
9150.592516 -0.02152184243 2.7e-05
9151.589703 -0.02181378794 3.2e-05
9152.586891 -0.02197592314 5.5e-05
9153.584078 -0.02148618806 3.1e-05
9154.581265 -0.02186868859 2.4e-05
9155.578461 -0.02194870963 3.4e-05
9156.575648 -0.02197469324 3e-05
9157.572835 -0.02159749871 3.4e-05
9158.570023 -0.02154240923 3.6e-05
9159.567218 -0.02196350964 2.4e-05
9160.564405 -0.02159876562 3.4e-05
9163.555975 -0.02193353566 2.4e-05
9164.553171 -0.02228353588 2.4e-05
9165.550367 -0.0220232597 2.4e-05
9166.547554 -0.02225911501 2.6e-05
9167.544749 -0.02223406342 2.4e-05
9168.541945 -0.02200480725 3.1e-05
9169.53914 -0.02205811416 2.4e-05
9172.530727 -0.02207410351 2.5e-05
9173.527923 -0.022234427 3.1e-05
9174.525126 -0.02241018423 2.4e-05
9176.519526 -0.02248622021 2.4e-05
9179.511129 -0.02235394512 2.4e-05
9180.508333 -0.02251748019 2.4e-05
9182.502741 -0.02258201605 2.4e-05
9183.499944 -0.02259158674 2.4e-05
9184.497156 -0.02268775465 2.4e-05
9185.49436 -0.02252955136 3.2e-05
9186.491572 -0.0230656374 4.1e-05
9187.488776 -0.02285577278 4.4e-05
9188.485988 -0.02287603743 2.7e-05
9190.480412 -0.02306129055 3.3e-05
9192.474837 -0.02283956774 3.2e-05
9193.472057 -0.02291568771 3e-05
9194.469269 -0.02300653509 2.6e-05
9195.466489 -0.02296668366 2.5e-05
9196.46371 -0.02323641344 2.4e-05
9198.458151 -0.02302030656 3.6e-05
9199.455371 -0.02319319788 2.4e-05
9200.452591 -0.0232069247 2.4e-05
9203.444269 -0.02299812771 2.4e-05
9205.438726 -0.02337103223 2.7e-05
9206.435955 -0.02328065657 4.8e-05
9208.43042 -0.02328697622 2.4e-05
9209.427657 -0.02313911754 3.3e-05
9210.424886 -0.02370563649 2.4e-05
9212.419368 -0.02345545583 2.4e-05
9215.411087 -0.02369637619 3.1e-05
9216.408332 -0.02380238417 2.8e-05
9218.402823 -0.02360317963 2.4e-05
9219.400068 -0.0237087385 2.6e-05
9220.397321 -0.02372730937 2.6e-05
9222.39182 -0.02382523365 7.5e-05
9224.386327 -0.02378464544 4.9e-05
9225.38358 -0.02401751411 4e-05
9227.378095 -0.02377476341 2.5e-05
9228.375349 -0.0240496976 2.4e-05
9229.372611 -0.0238514064 3.5e-05
9230.369872 -0.02407847903 2.4e-05
9232.364404 -0.02405518443 3.5e-05
9233.361666 -0.02417512355 2.7e-05
9234.358936 -0.02396710006 2.4e-05
9235.356206 -0.02430598927 3.1e-05
9236.353476 -0.02418415422 2.7e-05
9237.350746 -0.02429722872 3.6e-05
9238.348016 -0.02452527171 2.4e-05
9239.345294 -0.02413903949 2.8e-05
9241.339851 -0.02457003257 3.7e-05
9242.337129 -0.02440058358 2.4e-05
9243.334407 -0.02469433607 3.2e-05
9244.331685 -0.02460778599 2.4e-05
9246.32625 -0.02488402072 3e-05
9247.323537 -0.02464639942 2.5e-05
9249.31811 -0.02430272917 3.6e-05
9250.315396 -0.02486456711 2.4e-05
9251.312691 -0.02499207294 3e-05
9253.307272 -0.02489427287 2.5e-05
9259.291058 -0.02489208758 2.6e-05
9261.285664 -0.02510953002 2.4e-05
9262.282967 -0.0253197341 3.2e-05
9263.28027 -0.02537470999 3.9e-05
9267.269507 -0.02547926708 3.3e-05
9268.266819 -0.02529688059 3e-05
9269.26413 -0.02564512398 2.4e-05
9270.261441 -0.02541077051 2.7e-05
9271.258761 -0.02532257344 4.9e-05
9272.256072 -0.02521327368 2.4e-05
9273.253392 -0.02530882915 4.2e-05
9274.250712 -0.02529589292 2.7e-05
9276.245351 -0.02523326391 2.8e-05
9277.24267 -0.02567856137 3.3e-05
9278.239998 -0.02560544507 3.3e-05
9282.229293 -0.02578281564 4e-05
9283.226621 -0.02573885583 3.4e-05
9284.223949 -0.02555589067 3.5e-05
9285.221277 -0.02576380994 2.4e-05
9287.215941 -0.02577266886 3.1e-05
9288.213269 -0.02619763042 2.9e-05
9289.210605 -0.02557973221 3.3e-05
9291.205269 -0.02605691279 2.4e-05
9292.202605 -0.02604285003 3.8e-05
9293.199942 -0.02598848022 2.5e-05
9294.197278 -0.02591811072 2.4e-05
9295.194614 -0.02617234755 2.4e-05
9296.191958 -0.0263796545 2.4e-05
9297.189295 -0.02623053917 2.9e-05
9298.186631 -0.02598680774 3.1e-05
9299.183975 -0.02638942109 3.1e-05
9301.178656 -0.02621168548 4.3e-05
9302.176 -0.02622924791 3.8e-05
9303.173345 -0.026232281 6.1e-05
9305.168034 -0.02616061361 5e-05
9308.160067 -0.02662214287 3.3e-05
9309.157411 -0.02656710526 2.9e-05
9312.149453 -0.0267269369 5.5e-05
9313.146806 -0.02657539412 2.6e-05
9314.14415 -0.02676066916 2.7e-05
9316.138847 -0.02666634627 2.4e-05
9319.130897 -0.02677586237 6e-05
9320.128242 -0.02703149821 2.8e-05
9322.122947 -0.02683886637 3.3e-05
9323.120291 -0.02710471555 7.1e-05
9324.117644 -0.02676633279 2.4e-05
9325.114997 -0.0267842267 6.3e-05
9327.109694 -0.0271624062 4e-05
9328.107047 -0.02714303746 3e-05
9329.1044 -0.02724142969 4.4e-05
9330.101744 -0.02719174299 3e-05
9331.099097 -0.02746990139 3.6e-05
9332.096449 -0.02734706832 6.5e-05
9333.093802 -0.02738206267 4.9e-05
9334.091155 -0.02729205226 2.4e-05
9335.088508 -0.02757584132 3.9e-05
9336.085852 -0.02716825111 5e-05
9338.080557 -0.02754123882 3.8e-05
9339.077902 -0.02747080266 3.7e-05
9343.067296 -0.02772443094 4.9e-05
9344.064649 -0.02775374829 2.6e-05
9345.061993 -0.02738133833 5.1e-05
9346.059338 -0.02758677524 3.1e-05
9348.054035 -0.02751098742 2.4e-05
9349.051379 -0.02787893688 3.7e-05
9350.048724 -0.02756885742 5e-05
9351.046068 -0.027928629 3.7e-05
9352.043421 -0.02775930666 5.8e-05
9356.032791 -0.02801597758 2.9e-05
9357.030135 -0.02786101596 4.2e-05
9358.027471 -0.0278391167 2.4e-05
9359.024816 -0.02802594635 6.3e-05
9360.022152 -0.02812023591 3e-05
9362.016833 -0.02800714232 6.9e-05
9365.008841 -0.02785919615 3.7e-05
9367.003514 -0.02820012471 4.1e-05
9369.995514 -0.02829928913 3.1e-05
9370.99285 -0.02829595673 4e-05
9371.990178 -0.0284411623 2.4e-05
9372.987506 -0.02819341079 2.6e-05
9373.984834 -0.02850478067 7e-05
9376.976809 -0.02822556762 3.9e-05
9377.974137 -0.02842105203 2.6e-05
9380.966104 -0.02856457482 4e-05
9381.963424 -0.02864976677 3.4e-05
9384.955375 -0.02847514967 4.2e-05
9386.950006 -0.02876958282 3.6e-05
9387.947317 -0.0288584355 4.3e-05
9389.94194 -0.02867666088 3.5e-05
9390.939251 -0.02875011159 5e-05
9391.936554 -0.02905824989 5.5e-05
9392.933866 -0.02899644759 4.4e-05
9393.931169 -0.02873707111 3.3e-05
9394.92848 -0.02883913672 4.2e-05
9395.925783 -0.02905855438 6.4e-05
9396.923087 -0.02889193323 4.7e-05
9397.920381 -0.02907946778 5.9e-05
9398.917684 -0.02894776228 3.8e-05
9399.914979 -0.02916710391 3.2e-05
9400.912274 -0.02905236506 6.5e-05
9401.909569 -0.02925027705 2.6e-05
9403.904159 -0.02900338659 4.1e-05
9404.901445 -0.02922691861 2.7e-05
9405.89874 -0.02930732306 3.4e-05
9406.896027 -0.02908734876 2.9e-05
9407.893313 -0.02924935259 3.4e-05
9410.885165 -0.02923289373 0.000132
9411.882443 -0.02942127321 2.6e-05
9412.879721 -0.02929169185 3.8e-05
9413.877 -0.02936860401 7.2e-05
9414.874278 -0.02947772662 3.4e-05
9415.871556 -0.02948353465 2.7e-05
9416.868826 -0.02947162255 5.1e-05
9418.863375 -0.02943825507 9.5e-05
9419.860645 -0.02940209097 9e-05
9420.857907 -0.02935861174 4.7e-05
9421.855177 -0.02954103205 4.7e-05
9422.852438 -0.02972769677 3.3e-05
9423.849708 -0.02960636076 3.1e-05
9425.844232 -0.02936007498 2.9e-05
9426.841485 -0.029706258 4.7e-05
9427.838747 -0.02967067353 2.4e-05
9428.836009 -0.02974753402 3e-05
9429.833262 -0.02978103185 7e-05
9431.827769 -0.02971986752 2.4e-05
9434.819513 -0.02968127304 4.7e-05
9435.816767 -0.02990318968 3.2e-05
9437.811257 -0.02989648252 5.8e-05
9438.808494 -0.02988942892 3.6e-05
9440.802977 -0.02984583854 5.8e-05
9441.800214 -0.03000144751 3.5e-05
9442.797451 -0.02984254278 3.3e-05
9443.794687 -0.02982153333 2.9e-05
9444.791924 -0.03006369282 4.6e-05
9446.78639 -0.03010805897 2.7e-05
9448.780848 -0.03018553025 0.000131
9454.764195 -0.03003034197 5.6e-05
9455.761415 -0.0302395511 4.5e-05
9456.758636 -0.03045157639 3.1e-05
9458.753077 -0.03045066704 4.9e-05
9459.750289 -0.03025986117 6.8e-05
9460.747501 -0.03036245783 5.7e-05
9462.741934 -0.03051364925 4.2e-05
9463.739146 -0.03057445323 2.7e-05
9465.73357 -0.0305805047 4.2e-05
9466.730774 -0.03034303688 0.000108
9467.727986 -0.03065934901 3.9e-05
9469.722394 -0.03039467821 3.8e-05
9470.719606 -0.03081222015 6.3e-05
9472.714014 -0.03074501523 9.8e-05
9473.711209 -0.03073472547 5.9e-05
9474.708413 -0.03064060027 3.8e-05
9475.705617 -0.03095745466 5.8e-05
9476.702813 -0.03065127492 3.4e-05
9477.700017 -0.03095674565 5.5e-05
9478.697212 -0.0308172731 5.9e-05
9479.694408 -0.03057561174 5.6e-05
9481.688799 -0.03094534681 3.8e-05
9482.685995 -0.03083754694 3.4e-05
9483.683191 -0.03067762792 3.5e-05
9484.680386 -0.03118222358 5.4e-05
9485.677582 -0.03101444513 6.2e-05
9486.674777 -0.03099506721 5.9e-05
9489.666356 -0.03106850565 9.7e-05
9490.663543 -0.03093901974 4.9e-05
9491.660739 -0.03091218648 5.2e-05
9492.657926 -0.03118360815 4.6e-05
9493.655114 -0.03103298103 3.9e-05
9494.652309 -0.03122784861 3.3e-05
9495.649497 -0.03142569367 3.9e-05
9496.646684 -0.03150568048 3.6e-05
9497.643871 -0.03125839079 4.6e-05
9498.641059 -0.03111957732 4e-05
9499.638246 -0.0311330427 4.7e-05
9500.635434 -0.03130237366 4.1e-05
