  0.032422
  0.0220085
  0.0146458
  0.0095545
  0.00611046
  0.00383099
  0.00235462
  0.00141874
  0.00083802
  0.000485265
  0.000275471
  0.0001533
  8.36338e-05
  4.47293e-05
  2.34517e-05
  1.20539e-05
  6.07372e-06
  3.00021e-06
  1.45285e-06
  6.89699e-07
  3.20975e-07
  1.46438e-07
  6.54947e-08
  2.87165e-08
  1.23432e-08
  5.20108e-09
  2.14848e-09
  8.70042e-10
  3.45398e-10
  1.34422e-10
  5.12852e-11
  1.91815e-11
  7.03307e-12
  2.52801e-12
  8.90803e-13
  3.0772e-13
  1.04207e-13
  3.45948e-14
  1.12589e-14
  3.59209e-15
  1.12349e-15
  3.44478e-16
  1.03543e-16
  3.05108e-17
  8.81358e-18
  2.49586e-18
  6.92877e-19
  1.88565e-19
  5.03078e-20
  1.31576e-20
  3.37355e-21
  8.47939e-22
  2.08934e-22
  5.04687e-23
  1.19509e-23
  2.77425e-24
  6.31332e-25
  1.40844e-25
  3.08023e-26
  6.6038e-27
  1.38794e-27
  2.85965e-28
  5.77589e-29
  1.14365e-29
  2.21987e-30
  4.22404e-31
  7.8794e-32
  1.44086e-32
  2.58294e-33
  4.53909e-34
  7.81964e-35
  1.32059e-35
  2.1863e-36
  3.54825e-37
  5.64522e-38
  8.80456e-39
  1.34616e-39
  2.01764e-40
  2.96451e-41
  4.27027e-42
  6.02867e-43
  8.40101e-44
  1.18504e-44
  1.08429e-45
  0
  0
  0
  0
  0
  0
  0
  0
  0
  0
  0
  0
  0
  0
  0
  0
  0
  0
  0
  0
  0
  0
  0
  0
  0
  0
  0
  0
  0
  0
  0
  0
  0
  0
  0
  0
  0
  0
  0
  0
  0
  0
  0
  0
  0
  0
  0
  0
  0
  0
  0
  0
  0
  0
  0
  0
  0
  0
  0
  0
  0
  0
  0
  0
  0
  0
  0
  0
  0
  0
  0
  0
  0
  0
  0
  0
  0
  0
  0
  0
  0
  0
  0
  0
  0
  0
  0
  0
  0
  0
  0
  0
  0
  0
  0
  0
  0
  0
  0
  0
  0
  0
  0
  0
  0
  0
  0
  0
  0
  0
  0
  0
  0
  0
  0
  0
  0
  0
  0
  0
  0
  0
  0
  0
  0
  0
  0
  0
  0
  0
  0
  0
  0
  0
  0
  0
  0
  0
  0
  0
  0
  0
  0
  0
  0
  0
  0
  0
  0
  0
  0
  0
  0
  0
  0
  0
  0
  0
  0
  0
  0
  0
  0
  0
  0
  0
  0
  0
  0
  0
  0
  0
  0
  0
  0
  0
  0
  0
  0
  0
  0
  0
  0
  0
  0
  0
  0
  0
  0
  0
  0
  0
  0
  0
  0
  0
  0
  0
  0
  0
  0
  0
  0
  0
  0
  0
  0
  0
  0
  0
  0
  0
  0
  0
  0
  0
  0
  0
  0
  0
  0
  0
  0
  0
  0
  0
  0
  0
  0
  0
  0
  0
  0
  0
  0
  0
  0
  0
  0
  0
  0
  0
  0
  0
  0
  0
  0
  0
  0
  0
  0
  0
  0
  0
  0
  0
  0
  0
  0
  0
  0
  0
  0
  0
  0
  0
  0
  0
  0
  0
  0
  0
  0
  0
  0
  0
  0
  0
  0
  0
  0
  0
  0
  0
  0
  0
  0
  0
  0
  0
  0
  0
  0
  0
  0
  0
  0
  0
  0
  0
  0
  0
  0
  0
  0
  0
  0
  0
  0
  0
  0
  0
  0
  0
  0
  0
  0
  0
  0
  0
  0
  0
  0
  0
  0
  0
  0
  0
  0
  0
  0
  0
  0
  0
  0
  0
  0
  0
  0
  0
  0
  0
  0
  0
  0
  0
  0
  0
  0
  0
  0
  0
  0
  0
  0
  0
  0
  0
  0
  0
  0
  0
  0
  0
  0
  0
  0
  0
  0
  0
  0
  0
  0
  0
  0
  2.06437e-48
  3.38211e-47
  1.7865e-46
  1.50291e-45
  8.13948e-45
  6.17108e-44
  5.4362e-43
  2.84007e-42
  2.27285e-41
  1.09372e-40
  7.39415e-40
  3.45601e-39
  2.73535e-38
  2.07219e-37
  8.87977e-37
  5.89825e-36
  2.40624e-35
  1.59125e-34
  1.13763e-33
  4.34904e-33
  2.79782e-32
  1.00488e-31
  5.59511e-31
  3.75997e-30
  1.28567e-29
  7.93074e-29
  2.51842e-28
  1.3641e-27
  4.15335e-27
  2.29272e-26
  1.3456e-25
  3.79456e-25
  2.01384e-24
  5.36937e-24
  2.46852e-23
  1.37171e-22
  3.44275e-22
  1.7616e-21
  4.14424e-21
  1.89311e-20
  4.25449e-20
  1.88186e-19
  9.20948e-19
  1.91457e-18
  8.57619e-18
  1.68744e-17
  6.67137e-17
  1.26409e-16
  5.32427e-16
  2.29784e-15
  3.98356e-15
  1.56799e-14
  2.58421e-14
  8.95094e-14
  3.68102e-13
  5.63732e-13
  2.15571e-12
  3.11884e-12
  1.08766e-11
  1.49921e-11
  4.81675e-11
  1.76201e-10
  2.24881e-10
  7.65437e-10
  9.25493e-10
  2.88255e-09
  3.31523e-09
  9.77747e-09
  3.18861e-08
  3.39863e-08
  1.03529e-07
  1.04517e-07
  2.93217e-07
  2.80789e-07
  7.51921e-07
  2.19271e-06
  1.95544e-06
  5.34999e-06
  4.51644e-06
  1.14774e-05
  9.16938e-06
  2.20654e-05
  5.75841e-05
  4.32306e-05
  0.000106412
  7.59898e-05
  0.000175226
  0.00012015
  0.000256832
  0.000596277
  0.000401249
  0.000876594
  0.000611718
  0.0012431
  0.000986076
  0.00184118
  0.00183011
  0.00326227
  0.00574094
  0.00659867
  0.0107212
  0.0140359
  0.0214367
  0.02966
  0.0430832
  0.0615891
  0.0829173
  0.113328
  0.148942
  0.19526
  0.249456
  0.313416
  0.385829
  0.465778
  0.552153
  0.638457
  0.728993
  0.810347
  0.887373
  0.95216
  1
