-64  5.42101e-20
-63  1.0842e-19
-62  2.1684e-19
-61  4.33681e-19
-60  8.67362e-19
-59  1.73472e-18
-58  3.46945e-18
-57  6.93889e-18
-56  1.38778e-17
-55  2.77556e-17
-54  5.55112e-17
-53  1.11022e-16
-52  2.22045e-16
-51  4.44089e-16
-50  8.88178e-16
-49  1.77636e-15
-48  3.55271e-15
-47  7.10543e-15
-46  1.42109e-14
-45  2.84217e-14
-44  5.68434e-14
-43  1.13687e-13
-42  2.27374e-13
-41  4.54747e-13
-40  9.09495e-13
-39  1.81899e-12
-38  3.63798e-12
-37  7.27596e-12
-36  1.45519e-11
-35  2.91038e-11
-34  5.82077e-11
-33  1.16415e-10
-32  2.32831e-10
-31  4.65661e-10
-30  9.31323e-10
-29  1.86265e-09
-28  3.72529e-09
-27  7.45058e-09
-26  1.49012e-08
-25  2.98023e-08
-24  5.96046e-08
-23  1.19209e-07
-22  2.38419e-07
-21  4.76837e-07
-20  9.53674e-07
-19  1.90735e-06
-18  3.8147e-06
-17  7.62939e-06
-16  1.52588e-05
-15  3.05176e-05
-14  6.10352e-05
-13  0.00012207
-12  0.000244141
-11  0.000488281
-10  0.000976562
-9  0.00195312
-8  0.00390625
-7  0.0078125
-6  0.015625
-5  0.03125
-4  0.0625
-3  0.125
-2  0.25
-1  0.5
0  1
1  2
2  4
3  8
4  16
5  32
6  64
7  128
8  256
9  512
10  1024
11  2048
12  4096
13  8192
14  16384
15  32768
16  65536
17  131072
18  262144
19  524288
20  1.04858e+06
21  2.09715e+06
22  4.1943e+06
23  8.38861e+06
24  1.67772e+07
25  3.35544e+07
26  6.71089e+07
27  1.34218e+08
28  2.68435e+08
29  5.36871e+08
30  1.07374e+09
31  2.14748e+09
32  4.29497e+09
33  8.58993e+09
34  1.71799e+10
35  3.43597e+10
36  6.87195e+10
37  1.37439e+11
38  2.74878e+11
39  5.49756e+11
40  1.09951e+12
41  2.19902e+12
42  4.39805e+12
43  8.79609e+12
44  1.75922e+13
45  3.51844e+13
46  7.03687e+13
47  1.40737e+14
48  2.81475e+14
49  5.6295e+14
50  1.1259e+15
51  2.2518e+15
52  4.5036e+15
53  9.0072e+15
54  1.80144e+16
55  3.60288e+16
56  7.20576e+16
57  1.44115e+17
58  2.8823e+17
59  5.76461e+17
60  1.15292e+18
61  2.30584e+18
62  4.61169e+18
63  9.22337e+18
