100.75674
100.69341
99.576065
99.437973
102.83079
97.89888
99.701492
98.87339
101.95499
99.996742
101.03406
100.12875
100.48842
100.06796
99.910912
98.048119
100.15232
95.667236
99.891518
99.356621
101.45155
97.667023
99.910774
101.30078
99.043037
99.343178
102.24548
102.00866
98.148544
100.84859
100.35858
99.27935
104.56563
101.58344
100.2213
99.572357
99.842155
100.27077
97.411385
98.941872
99.240494
103.71081
103.43744
102.46214
98.924644
102.21365
99.484673
97.552979
99.442406
100.71651
98.765869
96.987343
100.58031
101.7959
103.28029
101.00557
97.982788
102.25084
97.393387
103.06871
99.542152
98.596344
102.95139
102.48386
101.54102
99.242241
97.897789
101.01657
102.52621
100.60055
99.963303
99.975571
98.75264
99.111252
102.62384
99.28627
95.917183
97.575569
101.01661
103.03314
100.18794
105.35508
99.284027
100.10625
100.52353
98.640366
100.03574
99.072617
100.24072
101.3878
102.50414
103.46064
97.809708
98.694023
102.57618
100.62883
103.98714
103.0132
100.73011
99.675575
98.786507
98.223671
99.59314
100.36213
104.18942
99.957527
101.09898
95.881203
99.338295
98.292191
103.54381
101.39211
101.48954
98.952606
102.89246
99.143532
100.85007
102.15759
100.47314
98.969574
100.41508
98.001022
98.13736
101.50522
98.077225
102.90383
95.248131
100.1938
101.15624
101.31119
98.930092
101.3935
97.959923
100.96217
102.75013
100.12957
103.08941
103.32129
101.04182
98.889267
97.873703
102.77435
99.326607
101.54596
97.386345
104.13371
101.29429
99.95192
101.29045
95.728493
102.23986
98.047569
100.6328
99.5522
99.355408
99.539391
99.987587
99.827156
102.16039
100.33666
100.54543
99.926125
100.1977
101.10757
98.592766
101.93603
101.74299
102.43302
99.828506
99.995255
101.32885
102.06847
99.091866
96.89827
100.50997
100.65968
96.45343
101.43495
98.51841
99.763321
104.27125
99.568756
100.17535
100.10194
101.13136
100.98158
100.32644
102.27574
97.547272
96.299065
102.17094
100.74194
101.92004
98.065948
102.33479
99.813377
99.275131
100.212
100.5559
101.94094
101.59834
97.727806
100.86528
98.942764
100.97611
101.78726
100.37889
102.31416
99.565712
95.727539
100.98652
103.42752
98.477707
102.98018
101.61115
97.228661
100.33219
100.30713
98.789902
103.62437
99.93911
102.99775
101.1229
102.19555
102.66183
99.570396
101.37849
99.112083
102.05201
100.78008
97.781303
101.80083
100.4451
100.78548
101.56526
99.211441
103.84708
100.76315
98.288673
98.822479
100.12774
102.86707
99.472534
101.02048
99.190941
104.09849
101.97391
103.71634
99.751266
100.92734
101.5771
98.097649
95.586136
99.481148
100.09348
100.7472
99.970001
99.038574
103.43075
100.84624
99.463425
99.660706
98.369171
103.0671
98.131386
99.235458
102.2802
101.18254
99.515495
97.939064
98.115692
101.82954
98.609169
98.883919
100.5368
98.858467
103.31445
100.08791
98.417412
98.998154
101.27089
100.14832
102.69488
100.26344
101.82211
99.178764
102.00228
98.74231
98.396126
101.98545
100.9967
100.50706
101.83485
103.8484
100.09747
101.34555
98.242348
103.26023
101.32015
99.516518
100.60133
100.71351
100.55032
101.79707
100.85619
98.38031
100.14284
97.768631
100.54389
101.12864
98.882324
101.37603
100.43227
102.748
102.7742
99.397255
101.49544
101.7513
98.959557
98.144333
100.11489
99.496315
102.1568
104.77908
102.57729
101.05634
98.627144
101.57072
99.502724
99.204529
99.011742
97.660561
100.0769
101.55251
100.09315
101.42061
100.87116
102.40067
102.02428
104.05396
95.820778
103.89377
101.76833
102.58556
101.10802
100.37746
100.70704
99.279259
99.548599
100.96099
102.05806
99.578613
101.45768
100.28885
102.48205
102.10625
100.18034
101.84544
97.807808
97.328384
101.34722
98.746384
98.271011
97.409912
101.94495
101.83279
98.913429
101.37495
100.28123
99.173256
100.23942
103.91235
98.382881
103.2137
102.01679
102.57703
100.44151
98.46109
99.295868
100.92426
98.883713
100.59447
100.00397
100.42067
97.464813
102.41094
100.94884
100.54636
98.122398
101.6393
96.024658
99.57637
103.38883
96.813271
102.24361
103.342
100.0459
105.19728
101.22022
100.58373
102.8022
104.18272
100.12634
100.84866
98.781372
100.98803
101.34066
102.69658
99.174492
102.2298
97.946899
101.09097
98.776466
102.60788
102.13137
103.53585
104.27647
101.05434
103.33546
104.00542
102.37634
106.37165
106.90675
103.4814
104.41891
115.8353
125.64597
141.4581
147.67
154.77901
144.39491
126.74517
115.8537
104.53983
103.41949
104.73318
102.58904
102.37165
99.218338
102.20315
99.491142
96.868698
101.8037
101.17191
100.95729
97.239174
100.59627
101.73077
102.58421
98.576157
101.09649
103.09657
103.29283
102.63313
100.54408
103.57294
104.13272
101.9032
99.87896
99.508377
99.82489
98.838326
100.55618
101.40361
98.029427
102.75932
102.93129
100.85099
100.90935
103.07529
101.97489
103.37199
98.002365
102.05047
97.625443
99.884827
101.41884
100.42604
103.39735
100.62782
99.255905
100.68063
98.817581
98.465668
99.004128
99.687653
100.09644
99.924026
98.164421
99.457352
100.41734
101.01978
103.8041
98.068275
103.25191
100.58858
99.37191
99.957817
100.03822
98.952309
103.28423
97.095024
99.308548
98.394409
98.749397
98.522194
98.160316
99.035461
100.66193
100.53984
100.58965
101.15582
100.35722
100.89578
103.23978
96.634712
98.156425
96.540855
99.501892
100.24427
101.58423
98.81237
97.110153
98.205811
100.96825
99.019501
102.87816
101.29047
97.704048
102.46704
95.17305
101.91698
98.350861
96.575752
98.370949
98.857574
101.13138
100.6833
101.57681
101.53074
103.81518
101.53285
100.35307
102.67414
99.958084
101.64651
98.618446
97.100662
99.882294
102.96084
102.25314
100.60202
101.24707
101.52117
97.974197
97.015404
98.620155
103.94238
101.21667
99.860832
98.601212
101.20664
100.5028
98.368599
99.691841
99.443848
103.79726
99.785995
101.96349
99.011169
99.475311
98.903435
102.36547
98.08448
101.92784
98.468033
100.61185
97.170609
100.16927
