0.00290441 0 0.00290441
0.00322225 0 0.00322225
0.00235429 0 0.00235429
0.00340558 0 0.00340558
0.00280297 0 0.00280297
0.0034021 0 0.0034021
0.00157627 0 0.00157627
0.00099254 0 0.00099254
0.00251655 0 0.00251655
0.00293603 0 0.00293603
0.00214015 0 0.00214015
0.00508348 0 0.00508348
0.00398182 0 0.00398182
0.00519021 0 0.00519021
0.00495202 0 0.00495202
0.00387212 0 0.00387212
0.00281484 0 0.00281484
0.00558117 0 0.00558117
0.00357733 0 0.00357733
0.00207736 0 0.00207736
0.0032052 0 0.0032052
0.00339106 0 0.00339106
0.00433666 0 0.00433666
0.00413764 0 0.00413764
0.00313368 0 0.00313368
0.00240993 0 0.00240993
0.00382156 0 0.00382156
0.00385079 0 0.00385079
0.00340372 0 0.00340372
0.0038409 0 0.0038409
0.00460815 0 0.00460815
0.0027249 0 0.0027249
0.00161134 0 0.00161134
0.0040166 0 0.0040166
0.00446424 0 0.00446424
0.0054724 0 0.0054724
0.00238484 0 0.00238484
0.00342791 0 0.00342791
0.00295603 0 0.00295603
0.00312167 0 0.00312167
0.00520441 0 0.00520441
0.00390587 0 0.00390587
0.00452887 0 0.00452887
0.00444552 0 0.00444552
0.00397587 0 0.00397587
0.00133164 0 0.00133164
0.00248511 0 0.00248511
0.00212512 0 0.00212512
1.78836e-05 0 1.78836e-05
0.00327156 0 0.00327156
0.00363612 0 0.00363612
0.00341194 0 0.00341194
0.00371203 0 0.00371203
0.00412013 0 0.00412013
0.00442766 0 0.00442766
0.00347233 0 0.00347233
0.00279101 0 0.00279101
0.00618933 0 0.00618933
0.00448868 0 0.00448868
0.00355917 0 0.00355917
0.00328282 0 0.00328282
0.00533442 0 0.00533442
0.003075 0 0.003075
0.00274442 0 0.00274442
0.00273592 0 0.00273592
0.00309506 0 0.00309506
0.00373544 0 0.00373544
0.00370081 0 0.00370081
0.00241259 0 0.00241259
0.00214166 0 0.00214166
0.00238731 0 0.00238731
0.00507722 0 0.00507722
0.00383621 0 0.00383621
0.00522882 0 0.00522882
0.00356684 0 0.00356684
0.0025457 0 0.0025457
0.00366556 0 0.00366556
0.00395617 0 0.00395617
0.00185779 0 0.00185779
0.00352464 0 0.00352464
0.00246262 0 0.00246262
0.00260137 0 0.00260137
0.00397503 0 0.00397503
0.00528567 0 0.00528567
0.0042924 0 0.0042924
0.00382255 0 0.00382255
0.0016677 0 0.0016677
0.00532236 0 0.00532236
0.0037912 0 0.0037912
0.00314783 0 0.00314783
0.0040399 0 0.0040399
0.0017421 0 0.0017421
0.00403664 0 0.00403664
0.001824 0 0.001824
0.00254908 0 0.00254908
0.000651941 0 0.000651941
0.00424565 0 0.00424565
0.00258416 0 0.00258416
0.00249148 0 0.00249148
0.00325208 0 0.00325208
0.00288101 0 0.00288101
0.00476791 0 0.00476791
0.00499389 0 0.00499389
0.00226766 0 0.00226766
0.00203743 0 0.00203743
0.00553894 0 0.00553894
0.00360332 0 0.00360332
0.00546857 0 0.00546857
0.0041835 0 0.0041835
0.00192114 0 0.00192114
0.00249462 0 0.00249462
0.000950719 0 0.000950719
0.00416423 0 0.00416423
0.00422923 0 0.00422923
0.0047896 0 0.0047896
0.003896 0 0.003896
0.00296592 0 0.00296592
0.00457703 0 0.00457703
0.00273153 0 0.00273153
0.00410383 0 0.00410383
0.00307773 0 0.00307773
0.00175803 0 0.00175803
0.00109263 0 0.00109263
0.00344492 0 0.00344492
0.00511732 0 0.00511732
0.00329387 0 0.00329387
0.0043369 0 0.0043369
0.00540803 0 0.00540803
0.00383714 0 0.00383714
0.00378696 0 0.00378696
0.00285713 0 0.00285713
0.00612664 0 0.00612664
0.00133862 0 0.00133862
0.000560966 0 0.000560966
0.00411967 0 0.00411967
0.00198651 0 0.00198651
0.00414909 0 0.00414909
0.00315082 0 0.00315082
0.00255157 0 0.00255157
0.00258007 0 0.00258007
0.00346433 0 0.00346433
0.00391382 0 0.00391382
0.00191005 0 0.00191005
0.00319541 0 0.00319541
0.00206365 0 0.00206365
0.00393628 0 0.00393628
0.00553106 0 0.00553106
0.00274137 0 0.00274137
0.0031036 0 0.0031036
0.00394067 0 0.00394067
0.00383755 0 0.00383755
0.00138261 0 0.00138261
0.00393598 0 0.00393598
0.00389262 0 0.00389262
0.00392894 0 0.00392894
0.00272645 0 0.00272645
0.00192271 0 0.00192271
0.00354215 0 0.00354215
0.00404518 0 0.00404518
0.00274248 0 0.00274248
0.0043327 0 0.0043327
0.0052512 0 0.0052512
0.0018031 0 0.0018031
0.00268448 0 0.00268448
0.00353053 0 0.00353053
0.0019821 0 0.0019821
0.00134853 0 0.00134853
0.00291776 0 0.00291776
0.00362173 0 0.00362173
0.00366185 0 0.00366185
0.00425034 0 0.00425034
0.00259713 0 0.00259713
0.00420997 0 0.00420997
0.00438336 0 0.00438336
0.00162153 0 0.00162153
0.00468314 0 0.00468314
0.00277363 0 0.00277363
0.00562929 0 0.00562929
0.00385818 0 0.00385818
0.00498757 0 0.00498757
0.00307292 0 0.00307292
0.00316871 0 0.00316871
0.00432904 0 0.00432904
0.00248032 0 0.00248032
0.0028992 0 0.0028992
0.00498718 0 0.00498718
0.00145922 0 0.00145922
0.00504746 0 0.00504746
0.00455154 0 0.00455154
0.00300858 0 0.00300858
0.00326951 0 0.00326951
0.00364804 0 0.00364804
0.00537532 0 0.00537532
0.00523341 0 0.00523341
0.00195224 0 0.00195224
0.00277671 0 0.00277671
0.0060657 0 0.0060657
0.00409303 0 0.00409303
0.0023909 0 0.0023909
0.00314071 0 0.00314071
0.00387791 0 0.00387791
0.004667 0 0.004667
0.00244895 0 0.00244895
0.0033721 0 0.0033721
0.00156986 0 0.00156986
0.00157369 0 0.00157369
0.00262937 0 0.00262937
0.00348816 0 0.00348816
0.00446355 0 0.00446355
0.00575307 0 0.00575307
0.00289098 0 0.00289098
0.00163341 0 0.00163341
0.00293206 0 0.00293206
0.00237673 0 0.00237673
0.00385977 0 0.00385977
0.00182591 2.30037e-320 0.00182591
0.00131586 2.30086e-320 0.00131586
0.0040143 0 0.0040143
0.00337755 0 0.00337755
0.00541936 0 0.00541936
0.00169461 0 0.00169461
0.00182429 0 0.00182429
0.00131337 0 0.00131337
0.00315145 0 0.00315145
0.00458909 0 0.00458909
0.00456776 0 0.00456776
0.0046138 0 0.0046138
0.00514442 0 0.00514442
0.00270344 0 0.00270344
0.00278793 0 0.00278793
0.00167372 0 0.00167372
0.00418688 0 0.00418688
0.00541836 0 0.00541836
0.00343114 0 0.00343114
0.00272417 0 0.00272417
0.00387575 0 0.00387575
0.0039443 0 0.0039443
0.00131348 0 0.00131348
0.0050554 0 0.0050554
0.00297556 0 0.00297556
0.00367087 0 0.00367087
0.00279817 0 0.00279817
0.00293917 0 0.00293917
0.00272133 0 0.00272133
0.00513179 0 0.00513179
0.00440706 0 0.00440706
0.00374858 0 0.00374858
0.00348837 0 0.00348837
0.00599837 0 0.00599837
0.00196202 0 0.00196202
0.0053454 0 0.0053454
0.0043358 0 0.0043358
0.00470625 0 0.00470625
0.00149477 0 0.00149477
0.00282235 0 0.00282235
0.00464632 0 0.00464632
0.00392769 0 0.00392769
0.00187401 0 0.00187401
0.00215212 0 0.00215212
0.00439228 0 0.00439228
0.00299961 0 0.00299961
0.00599457 0 0.00599457
0.00487598 0 0.00487598
0.00328877 0 0.00328877
0.00382629 0 0.00382629
0.00225582 0 0.00225582
0.0036741 0 0.0036741
0.00315113 0 0.00315113
0.00359113 0 0.00359113
0.00445513 0 0.00445513
0.00438831 0 0.00438831
0.00221932 0 0.00221932
0.00255473 0 0.00255473
0.00530705 0 0.00530705
0.00344071 0 0.00344071
0.00283195 0 0.00283195
0.00277392 0 0.00277392
0.00275035 0 0.00275035
0.00341807 0 0.00341807
0.00175589 0 0.00175589
0.00408101 0 0.00408101
0.00486882 0 0.00486882
0.00307081 0 0.00307081
0.0038897 0 0.0038897
0.00249296 0 0.00249296
0.00529714 0 0.00529714
0.00338986 0 0.00338986
0.00419967 0 0.00419967
0.00428676 0 0.00428676
0.00388812 0 0.00388812
0.00592269 0.00669727 -0.000774577
0.0045445 0.00943489 -0.00489039
0.00658475 0.0121364 -0.00555165
0.00710745 0.0141605 -0.00705305
0.0108499 0.018636 -0.00778613
0.0116474 0.0179542 -0.00630684
0.0143736 0.0211339 -0.0067603
0.014444 0.0302395 -0.0157955
0.0208248 0.0349647 -0.0141399
0.0249024 0.0396801 -0.0147777
0.035261 0.0475122 -0.0122512
0.0390726 0.0495618 -0.0104892
0.0416461 0.040667 0.000979055
0.0408814 0.0335932 0.00728822
0.0343028 0.031232 0.00307078
0.0273761 0.0230601 0.00431596
0.0171986 0.0178318 -0.000633163
0.0146475 0.0136915 0.000955981
0.00948814 0.010401 -0.000912863
0.00769496 0.0129655 -0.00527054
0.00599039 0.0117475 -0.00575711
0.00820504 0.0117662 -0.00356116
0.00853486 0.0145072 -0.00597234
0.0103538 0.0198237 -0.0094699
0.0127285 0.0227826 -0.0100541
0.015465 0.0307548 -0.0152898
0.0189316 0.0331432 -0.0142116
0.0292568 0.0419694 -0.0127126
0.0361698 0.0440764 -0.00790658
0.0457853 0.0534325 -0.00764717
0.0547036 0.0630078 -0.00830424
0.0574421 0.0668034 -0.00936128
0.059229 0.0851418 -0.0259128
0.0636211 0.122773 -0.0591519
0.0798917 0.203811 -0.123919
0.122204 0.339251 -0.217047
0.216709 0.5526 -0.335891
0.375062 0.794797 -0.419735
0.606606 0.974965 -0.368359
0.855264 1 -0.144736
1 0.838892 0.161108
0.933561 0.587758 0.345803
0.673664 0.355124 0.31854
0.400794 0.185862 0.214932
0.204724 0.0938957 0.110829
0.104524 0.0560887 0.0484351
0.05689 0.038615 0.018275
0.0344142 0.0287557 0.00565849
0.0230462 0.0224345 0.000611656
0.0180968 0.0180624 3.43812e-05
0.0159575 0.0185344 -0.00257693
0.0170856 0.0208418 -0.00375618
0.0183218 0.0258961 -0.00757425
0.0206883 0.0307286 -0.0100403
0.025006 0.039127 -0.014121
0.033313 0.0482856 -0.0149726
0.0388269 0.0608748 -0.0220479
0.0520637 0.0718872 -0.0198235
0.066207 0.0807082 -0.0145012
0.0826491 0.0830042 -0.000355077
0.0888282 0.081741 0.00708715
0.0859156 0.0723351 0.0135805
0.0777135 0.0626065 0.015107
0.0680966 0.0580961 0.0100005
0.0553253 0.0512592 0.00406613
0.049614 0.0416495 0.0079645
0.0425225 0.0324441 0.0100784
0.0341344 0.0278789 0.00625546
0.0304039 0.026962 0.00344192
0.0279213 0.0251736 0.00274775
0.0206439 0.0215517 -0.000907776
0.0162068 0.0160836 0.000123178
0.0144722 0.0140138 0.000458369
0.0123815 0.0118292 0.000552317
0.00826068 0 0.00826068
0.00981819 0 0.00981819
0.00787852 0 0.00787852
0.00595988 0 0.00595988
0.00559355 0 0.00559355
0.00693184 0 0.00693184
0.00414083 0 0.00414083
0.00558981 0 0.00558981
0.00532111 0 0.00532111
0.00557772 0 0.00557772
0.00422893 0 0.00422893
0.00581717 0 0.00581717
0.00496007 0 0.00496007
0.00456638 0 0.00456638
0.00290197 0 0.00290197
0.00365953 0 0.00365953
0.00400896 0 0.00400896
0.00465838 0 0.00465838
0.00298315 0 0.00298315
0.00372324 0 0.00372324
0.00221068 0 0.00221068
0.00422322 0 0.00422322
0.00474311 0 0.00474311
0.00213889 0 0.00213889
0 0 0
0.00251451 0 0.00251451
0.00277097 0 0.00277097
0.00226492 0 0.00226492
0.00351503 0 0.00351503
0.00428808 0 0.00428808
0.0048574 0 0.0048574
0.00294295 0 0.00294295
0.00438107 0 0.00438107
0.00412148 0 0.00412148
0.00310079 0 0.00310079
0.0037135 0 0.0037135
0.00488764 0 0.00488764
0.00311037 0 0.00311037
0.00221126 0 0.00221126
0.00517117 0 0.00517117
0.00463617 0 0.00463617
0.00285053 0 0.00285053
0.00363265 0 0.00363265
0.00191572 0 0.00191572
0.00427445 0 0.00427445
0.00358557 0 0.00358557
0.00357035 0 0.00357035
0.00500521 0 0.00500521
0.00430011 0 0.00430011
0.00452886 0 0.00452886
0.00394096 0 0.00394096
0.00296338 0 0.00296338
0.00437789 0 0.00437789
0.00355443 0 0.00355443
0.00232061 0 0.00232061
0.00509354 0 0.00509354
0.00387379 0 0.00387379
0.00358408 0 0.00358408
0.00427314 0 0.00427314
0.0047631 0 0.0047631
0.00466414 0 0.00466414
0.00419351 0 0.00419351
0.000447859 0 0.000447859
0.00637316 0 0.00637316
0.00301884 0 0.00301884
0.00395653 0 0.00395653
0.00281772 0 0.00281772
0.00353044 0 0.00353044
0.00438351 0 0.00438351
0.00549698 0 0.00549698
0.00213827 0 0.00213827
0.00264645 0 0.00264645
0.00477931 0 0.00477931
0.00304387 0 0.00304387
0.00202419 0 0.00202419
0.00261385 0 0.00261385
0.00391042 0 0.00391042
0.00438605 0 0.00438605
0.00384237 0 0.00384237
0.00350003 0 0.00350003
0.00483332 0 0.00483332
0.00202406 0 0.00202406
0.00358834 0 0.00358834
0.00549229 0 0.00549229
0.00278136 0 0.00278136
0.00222163 0 0.00222163
0.00426637 0 0.00426637
0.00450624 0 0.00450624
0.00632405 0 0.00632405
0.00272255 0 0.00272255
0.00248417 0 0.00248417
0.00339511 0 0.00339511
0.00316954 0 0.00316954
0.0038174 0 0.0038174
0.00410599 0 0.00410599
0.00507992 0 0.00507992
0.00425833 0 0.00425833
0.00218089 0 0.00218089
0.00246351 0 0.00246351
0.00413568 0 0.00413568
0.00261836 0 0.00261836
0.00279766 0 0.00279766
0.00308752 0 0.00308752
0.00358709 0 0.00358709
0.00343708 0 0.00343708
0.00355028 0 0.00355028
0.00332595 0 0.00332595
0.00456988 0 0.00456988
0.0047644 0 0.0047644
0.00480224 0 0.00480224
0.00411864 0 0.00411864
0.00299704 0 0.00299704
0.00512702 0 0.00512702
0.00199006 0 0.00199006
0.0045643 0 0.0045643
0.0032661 0 0.0032661
0.0047256 0 0.0047256
0.00369554 0 0.00369554
0.00239691 0 0.00239691
0.00262497 0 0.00262497
0.0055369 0 0.0055369
0.00492631 0 0.00492631
0.00418062 0 0.00418062
0.00261453 0 0.00261453
0.00320662 0 0.00320662
0.00305351 0 0.00305351
0.00196558 0 0.00196558
0.00403913 0 0.00403913
0.00351172 0 0.00351172
0.00394002 0 0.00394002
0.00418618 0 0.00418618
0.0039171 0 0.0039171
0.00276955 0 0.00276955
0.00426825 0 0.00426825
0.00293367 0 0.00293367
0.00396316 0 0.00396316
0.00420774 0 0.00420774
0.00128263 0 0.00128263
0.00223284 0 0.00223284
0.00348723 0 0.00348723
0.00252497 0 0.00252497
0.000751047 0 0.000751047
0.00444163 0 0.00444163
0.00462859 0 0.00462859
0.00396662 0 0.00396662
0.00164812 0 0.00164812
0.00403034 0 0.00403034
0.00364244 0 0.00364244
0.00494723 0 0.00494723
0.00360089 0 0.00360089
0.000997789 0 0.000997789
0.00406011 0 0.00406011
0.00369526 0 0.00369526
0.00404042 0 0.00404042
0.0040336 0 0.0040336
0.00411006 0 0.00411006
0.00380943 0 0.00380943
0.00235425 0 0.00235425
0.00381051 0 0.00381051
0.00392491 0 0.00392491
0.00546708 0 0.00546708
0.00337965 0 0.00337965
0.00174081 0 0.00174081
0.00358303 0 0.00358303
0.00430235 0 0.00430235
0.00453961 0 0.00453961
0.00573351 0 0.00573351
0.00331863 0 0.00331863
0.00349384 0 0.00349384
0.0047643 0 0.0047643
0.00137674 0 0.00137674
0.00418391 0 0.00418391
0.00374382 0 0.00374382
0.00406686 0 0.00406686
0.00422235 0 0.00422235
0.00318851 0 0.00318851
0.00295814 0 0.00295814
0.003193 0 0.003193
0.00373919 0 0.00373919
0.00336519 0 0.00336519
0.00403424 0 0.00403424
0.00102283 0 0.00102283
0.0046723 0 0.0046723
0.00321099 0 0.00321099
0.00375148 0 0.00375148
0.00301886 0 0.00301886
0.00389177 0 0.00389177
0.00316806 0 0.00316806
0.00408936 0 0.00408936
0.00322552 0 0.00322552
0.00326302 0 0.00326302
0.002929 0 0.002929
0.00184019 0 0.00184019
0.00365405 0 0.00365405
0.00471737 0 0.00471737
0.00292198 0 0.00292198
0.00308667 0 0.00308667
0.0029925 0 0.0029925
0.00186209 0 0.00186209
0.00405807 0 0.00405807
0.000971936 0 0.000971936
0.00283721 0 0.00283721
0.00312755 0 0.00312755
0.0038573 0 0.0038573
0.00414064 0 0.00414064
0.00560643 0 0.00560643
